342086
70144
70127
70102
92830
70112
70134
70084
70082
70080
70089
70080
70120
70089
70079
70075
70082
70085
70083
69607
70079
70091
70093
70086
70076
70090
70083
70076
70077
70085
70083
70077
70079
70085
70083
70083
70084
70084
70085
70085
69608
70084
70086
70078
70085
70194
70094
70085
70077
70083
70084
70079
70086
70078
70082
70090
70083
70090
70088
71122
75497
70099
69600
70088
70087
70140
70088
70085
70086
70089
70088
70085
70084
70086
70086
70084
70084
70087
70086
70084
70082
70085
70084
69660
70090
70093
70092
70136
72022
70100
70088
70090
70093
70092
70083
70082
70107
70098
70100
70104
70110
70105
70101
70098
69627
70109
942351
64342
62960
62890
62681
62675
62662
65456
31135
29915
30311
31516
33461
34019
35246
36491
11154
12407
13651
14959
16251
17807
19571
19876
21252
22368
23615
24858
26106
27455
29691
9137
8884
9710
9079
8866
8871
9569
8882
8893
8872
9572
8882
8872
8872
9323
8883
8872
8872
9327
8883
8872
8872
9409
8944
8872
8872
9458
8882
8872
8872
8871
9448
8881
8874
198623
17549
13215
13203
13202
32131
13203
13203
13202
13877
13203
13202
13203
13784
13203
13202
13202
13687
13202
13203
13203
13642
13203
13203
13203
13639
13203
13202
13203
13638
13204
13203
13202
13643
13204
13202
13203
13202
13646
13203
13203
13203
13641
13203
13202
13202
13643
13203
13203
13203
13643
13203
13202
13203
13641
13204
13203
13202
13684
13203
13202
13202
13820
13207
13203
13203
13702
13203
13203
13203
13639
13203
13202
13203
13770
13203
13202
13203
13202
13733
13202
13203
13203
13736
13206
13203
13202
13770
13204
13202
13203
13641
13203
13202
13203
13636
13203
13202
13203
13638
13203
13203
13202
13635
13203
13203
13202
13637
13204
13203
13203
13637
13203
13202
13202
13640
13203
13203
13202
13645
13204
13202
13203
13204
13786
13202
13203
13202
13641
13203
13203
13202
13644
13204
13203
13203
13638
13207
13202
13203
13638
13203
13203
13203
13637
13204
13202
13203
13638
13203
13203
13202
13638
13209
13203
13202
13644
13203
13202
13204
13649
13203
13203
13202
13203
13641
13203
13202
13203
16866
13203
13202
13202
13792
13203
13203
13202
13642
13203
13203
13203
13649
13204
13202
13203
13641
13203
13202
13203
13645
13203
13202
13203
13642
13203
13203
13202
13643
13203
13203
13203
13642
13203
13202
13203
13646
13203
13203
13202
13204
13644
13202
13203
13202
13649
13203
13202
13203
13644
13204
13203
13206
13648
14996
13202
13202
13647
13204
13202
13203
13642
13204
13203
13203
13742
13204
13203
13202
13647
13204
13202
13203
13651
13203
13202
13202
13646
13203
13203
13202
13202
13734
13202
13203
13202
13645
13203
13203
13203
13649
13203
13205
13202
13648
13204
13202
13203
13653
13204
13203
13202
13648
13203
13203
13205
13644
13204
13202
13203
13640
13203
13203
13202
13642
13203
13202
13203
13644
13203
13202
13203
13203
13644
13203
13202
13203
13739
13203
13202
13203
13739
13203
13202
14220
13836
13204
13202
13203
13733
13205
13203
13203
13651
13203
13203
13203
13648
13203
13202
13203
13648
13202
13202
13203
13647
13204
13202
13203
13611
13204
13202
13202
13647
13203
13203
13202
13203
13646
13203
13203
13202
13649
13204
13203
13203
13641
13204
13203
13203
13649
13203
13203
13202
13651
13203
13202
13203
13647
13203
13203
13202
13650
13203
13203
13206
13646
13203
13205
13203
13647
13203
13202
13203
13647
13203
13203
13203
13203
13648
13202
13202
13203
13647
13203
13202
13203
13650
13203
13203
13202
13644
13204
13202
13203
13646
13203
13202
13203
13650
13203
13202
13203
13647
13206
13203
13203
13653
13203
13202
13202
13647
13204
13202
13203
13649
13204
13205
13203
13649
13204
13202
13203
13202
13653
13202
13203
13203
13650
13203
