265749
136368
136115
136071
136088
136086
135870
135874
136110
136132
135868
136050
135973
136070
135472
136029
135896
135889
135890
135892
135883
135888
156049
135988
136086
136001
136282
136331
135954
135953
135949
135951
135965
135884
136060
135382
136056
136225
136043
135980
154009
136426
135887
135884
139281
137203
148321
55488
55222
58290
61541
64820
68087
71351
74621
77891
87139
17606
19541
22985
26586
29901
32437
35691
38959
42927
46749
12939
12779
13883
14481
14457
14476
15151
14467
14458
14458
14457
14916
14459
14457
14457
14912
14457
14458
14457
14918
14462
14457
14457
14921
14457
14457
14458
14914
14458
14457
14457
14920
14458
14457
14457
14902
14457
14456
14459
14902
14457
14457
14456
14903
14457
14458
14457
28121
14457
14457
14458
15170
14457
14458
14456
14457
15051
14457
14457
14457
14906
14457
14457
14457
14903
14457
14457
14457
14902
14457
14458
14457
14900
14457
14457
14457
14901
14461
14457
14457
14902
14458
14457
14457
14902
14458
14457
14457
14900
14457
14457
14458
14902
14461
14458
14458
14457
14901
14457
14457
14457
14886
14457
14457
14457
14904
14457
14457
14457
14901
14457
14456
14457
14901
14457
14457
14457
14897
14457
14457
14457
14898
14457
14457
14457
14898
14457
14459
14456
14895
14457
14457
16033
14907
14457
14459
14457
14457
14899
14458
14457
14457
14902
14458
14458
14457
14903
14458
14457
14457
14904
14457
14457
14457
14903
14457
14457
14460
14905
14463
14457
14457
14901
14457
14457
14457
14903
14457
14457
14459
14902
14457
14457
14457
14903
14461
14457
14456
14457
14906
14457
14457
14457
14904
14457
14457
14457
14905
14458
14457
14457
14903
14457
14458
14457
14905
14458
14457
14458
14903
14457
14458
14458
14907
14460
14457
14458
14903
14460
14457
14457
14905
14460
14457
14457
14903
14457
14457
14457
14457
14903
14459
14457
14457
14902
14458
14457
14457
14903
14457
14460
14457
14903
14457
14457
14457
14903
14457
14458
14457
14903
19247
14457
14457
15211
14457
14457
14457
14921
14457
14457
14460
14913
14457
14457
14457
14911
14457
14458
14457
14904
14458
14458
14457
14458
14913
14457
14457
14457
14913
14457
14458
14460
14905
14457
14457
14457
14907
14457
14457
14457
14913
14457
14457
14457
14910
14457
14457
14457
14905
14458
14458
14457
14910
14457
14457
14457
14913
14457
14458
14457
14908
14461
14457
14458
14457
14914
14457
14457
14457
14906
14457
14457
14460
14910
14457
14458
14457
14911
14457
14457
14457
14910
14457
14457
14457
14905
14460
14457
14457
14910
14457
14457
14457
14910
14457
14463
14457
14905
14460
14457
14457
14907
14458
14458
14458
14457
16099
14457
14457
14457
14916
14457
14457
14457
14914
14459
14461
14457
15043
14468
14459
14457
14908
14459
14457
14457
14906
14457
14457
14457
14999
14457
14461
14457
14908
14457
14457
14457
14908
14457
14457
14457
14907
14457
14457
14462
14460
14907
14457
14457
14457
14910
14460
14457
14457
14905
14458
14457
14457
14908
14457
14457
14457
14907
14457
14457
14457
14908
14457
14458
14457
15001
14457
14457
14457
15046
14458
14460
15896
17202
14458
14461
14458
14914
14457
14458
14459
14458
14909
14457
14458
14457
14910
14457
14457
14457
14913
14460
14457
14458
14885
14457
14457
14459
14901
14457
14457
14457
14898
14457
14457
14457
14898
14457
14457
14458
14895
14461
14457
14457
14897
14457
14457
14457
14897
14461
14458
14457
14898
14458
14457
14457
14458
14917
14457
14459
14457
14902
14457
14465
14457
14902
14457
14457
14456
14903
14457
14457
14457
14900
14457
14457
14457
14900
14457
14457
14458
14896
14458
14457
14457
14900
14457
14458
14458
14897
14457
14458
21845
15372
14458
14458
14457
14456
14927
14458
14458
14457
14919
14458
14457
14457
14919
14457
14457
14458
14926
14457
14456
14457
14919
14457
