5058241
4507955
4495307
4622839
4486190
4484989
447636
108863
104589
103594
103584
103622
103582
103578
103577
103577
103582
103580
103581
103580
103579
103582
103580
103583
103698
103629
103579
103580
103577
103577
170486
106087
103387
104544
55802
55951
55458
54919
54903
54898
54897
54898
54897
54898
54898
54898
54897
54898
54897
54898
54898
54898
54897
54898
57621
54897
54898
54897
54898
54897
54897
54898
54897
54898
54897
54897
54898
54897
54898
54898
54897
54898
54898
54898
54898
54897
54898
54898
54897
54898
54897
54897
54898
54898
54897
54898
54898
54898
54898
54898
54897
54898
54897
54897
54898
54897
54898
54898
54897
54898
54898
54898
54898
54898
54898
54898
54897
54898
54898
54897
54898
54897
54897
54898
54897
54898
54897
54897
54898
54897
54898
54898
54897
54898
54898
54898
54898
58665
54898
54897
54897
54898
54898
54899
54898
54898
54899
54898
54898
54898
54899
54898
54898
54898
54898
54898
54898
54899
54898
54898
54898
54899
54898
54898
54899
54898
54898
54898
54899
54898
54898
54899
54898
54898
54898
54899
54898
54898
54898
54898
54898
54898
54899
54898
54898
54898
54898
54898
54898
54899
54898
54898
54898
54899
54898
54898
54899
54898
54898
54898
54899
54898
54898
54898
54898
54897
54897
54898
54898
56240
54898
54898
54898
54898
54899
54898
54898
54898
54899
54898
54898
54899
54898
54898
54898
54899
54898
54898
54898
54898
54898
54898
54899
54898
54898
54898
54898
54898
54898
54899
54898
54898
54898
54898
54899
54898
54898
54898
54899
54898
54898
54898
54898
54898
54898
54899
54898
54898
54898
54898
54898
54898
54899
54898
54898
54898
54899
54898
54898
54899
54905
54897
54898
54898
54897
54897
54898
54898
54898
54897
54897
63406
56641
54919
54898
54898
54898
54898
54898
54899
54898
54898
54899
54898
54898
54898
54899
54898
54898
54898
54898
54898
54898
54899
54898
54898
54899
54897
54898
54899
54898
54898
54898
54899
54898
54898
54899
54898
54898
54898
54898
54898
54898
54899
54898
54898
54899
54898
54898
54898
54899
54898
54898
54899
54898
54898
54898
54898
54898
54898
54899
54898
54898
54898
54898
62581
55006
54952
54996
54933
54906
54898
54897
54898
58747
55122
55123
55122
55122
55122
55122
55122
55122
55122
55122
55122
55122
55122
55122
55123
55122
55122
55122
55122
55123
55122
55122
55122
55121
55123
55122
55122
55122
55122
55122
55122
55122
55123
55122
55122
55122
55122
55122
55122
55122
55123
55123
55122
55122
55122
55123
55123
55122
55122
55122
55122
55122
55122
55122
55123
55122
55122
55122
55122
55122
55122
55122
55122
55122
55122
55122
55122
55123
55122
55122
55122
56647
55122
55123
55122
55122
55122
55122
57169
55124
55122
55123
55122
55122
55122
55121
55122
55122
55122
55123
55122
55122
55122
55122
55123
55122
55122
55122
55122
55122
55122
55122
55123
55123
55122
55122
55122
55123
55122
55122
55122
55122
55123
55122
55122
55122
55121
55122
55122
55122
55123
55122
55122
55122
55122
55123
55122
55122
55122
55122
55122
55122
55122
55123
55123
55122
55122
55122
55122
55122
55122
55122
55123
57140
55122
55123
55122
55122
55122
55123
55123
55122
55122
55122
55122
55122
55122
55122
55123
55122
55122
55122
55122
55123
55122
55122
55122
55122
55122
55122
55122
55123
55122
55122
55122
55122
55122
55122
55122
55122
55123
55122
55122
55122
55123
55123
55122
55122
55122
55122
55122
55122
55122
55123
55122
55122
55122
55122
84369
55122
55122
55122
55122
55122
55122
55122
55122
55123
55122
55122
55122
55122
55122
55122
55122
59314
55122
55122
55122
55122
55122
55123
55122
55122
55122
55122
55123
55122
55122
55122
55121
55122
55122
55122
55123
55122
55122
55122
55122
55122
55122
55122
55122
55123
55122
55122
55122
55123
55122
55122
55122
55122
55122
55123
55123
