3
2
3
6
5
7
9
10
10
12
13
14
13
14
17
18
17
18
20
22
23
23
25
24
27
26
28
29
30
30
32
32
35
36
37
38
37
39
40
40
43
43
45
45
47
46
48
50
50
51
52
54
55
55
57
57
58
59
59
60
62
64
65
65
67
68
69
69
69
70
72
74
74
75
76
78
79
79
81
80
81
83
85
86
86
86
87
88
91
91
91
92
93
94
97
96
97
98
101
101
101
103
103
105
107
107
107
110
110
112
113
113
113
115
115
116
118
119
121
120
121
122
125
125
127
126
128
128
130
131
132
134
134
135
135
138
137
140
141
141
143
144
144
146
147
148
147
150
150
152
152
154
155
154
156
157
159
160
161
160
162
162
165
166
166
166
169
168
171
171
173
174
173
174
176
176
177
178
180
181
183
183
185
185
185
188
187
188
189
190
193
192
195
195
195
198
199
200
200
200
201
204
203
206
207
207
207
209
210
212
211
213
215
215
216
217
219
220
221
221
223
224
224
226
225
228
228
229
230
231
231
233
234
234
235
236
238
238
241
240
241
242
245
245
245
246
248
250
249
251
251
252
255
254
255
256
259
258
259
261
263
262
263
265
266
267
269
270
269
270
273
272
273
275
277
276
277
279
279
281
282
284
283
284
286
286
288
290
289
292
291
292
294
296
297
298
297
299
301
301
303
303
303
304
305
306
308
309
310
312
313
314
314
316
317
318
318
319
319
322
321
323
323
325
327
326
329
330
329
330
333
334
335
335
337
338
338
339
340
342
341
342
343
344
346
348
348
348
349
352
351
353
353
354
355
357
358
360
360
361
363
364
363
365
366
366
369
368
371
372
371
372
374
374
377
377
378
380
381
381
381
384
383
385
385
388
389
389
391
390
393
393
395
396
396
398
397
400
399
401
402
403
404
406
406
408
408
410
409
411
412
412
414
414
416
416
417
420
420
422
422
422
425
424
427
427
429
428
429
430
433
433
434
435
436
436
439
440
441
442
441
444
443
446
445
446
449
449
449
450
451
452
454
456
457
457
458
459
460
461
461
462
463
464
465
466
467
470
469
470
473
473
474
474
477
476
477
478
479
481
483
484
483
486
485
486
489
488
489
491
491
494
494
495
496
497
498
498
499
2000
501
504
504
505
507
508
507
508
509
512
512
514
514
515
516
517
519
519
520
520
522
522
524
526
525
526
529
530
529
530
531
532
533
535
536
537
539
538
539
541
541
543
544
545
547
548
547
548
550
552
551
554
555
554
556
558
559
560
560
561
562
562
563
565
566
567
569
568
569
570
573
572
573
576
577
578
578
580
579
582
582
582
585
584
587
588
589
588
590
591
592
593
594
596
597
596
599
600
599
602
601
603
604
604
607
607
609
608
609
612
611
614
615
616
617
617
617
618
620
621
623
623
624
624
626
627
629
630
629
632
633
632
634
634
636
636
639
639
640
642
641
644
645
646
646
648
648
650
649
650
652
653
653
656
657
658
659
658
660
661
662
663
664
665
667
668
669
668
670
671
672
673
675
676
677
677
678
679
681
680
682
683
684
684
686
687
688
689
690
691
692
692
693
695
695
698
698
698
701
702
701
704
705
705
705
707
708
709
709
710
712
712
715
716
715
716
717
718
720
722
723
724
724
724
726
727
727
728
730
732
731
733
735
735
735
738
738
738
740
742
743
744
744
744
746
747
749
749
750
751
751
754
755
755
756
757
759
758
761
761
761
763
765
765
765
766
768
770
770
772
773
774
774
775
776
776
778
778
779
781
781
782
784
784
787
786
789
790
789
792
793
794
793
794
796
797
799
800
800
800
801
802
804
804
806
807
808
810
811
810
813
812
813
814
817
816
817
819
819
821
823
824
825
826
827
828
828
829
831
831
832
833
834
835
836
837
838
839
841
841
843
842
844
846
847
846
848
850
851
851
853
854
855
855
857
857
858
858
859
861
861
863
864
865
865
866
868
869
869
871
873
872
874
874
876
878
877
880
881
880
883
882
883
884
885
888
888
889
890
892
893
892
894
896
896
898
898
898
900
901
901
903
904
905
905
906
909
908
910
912
913
912
915
916
916
916
918
918
919
922
921
924
924
926
927
927
927
929
929
930
932
934
934
936
936
936
939
938
941
942
941
943
944
946
946
947
949
948
949
950
951
953
955
955
955
958
957
958
960
962
963
964
964
966
967
967
967
970
971
970
971
974
974
974
977
978
978
979
979
982
981
984
984
984
985
987
987
990
990
992
992
994
993
996
995
998
997
998
1001
1000
1002
1004
1004
1006
1006
1006
1009
1008
1010
1012
1012
1012
1015
1015
1017
1016
1019
1018
1019
1022
1021
1024
1023
1024
1025
1027
1028
1028
1031
1031
1033
1032
1033
1035
1035
1036
1038
1038
1041
1040
1041
1042
1043
1046
1046
1048
1047
1050
1050
1050
1051
1054
1053
1055
1057
1058
1057
1060
1060
1060
1063
1063
1064
1065
1066
1068
1067
1070
1071
1072
1073
1073
1074
1074
1077
1078
1079
1080
1080
1082
1083
1082
1084
1086
1085
1087
1089
1088
1089
1091
1093
1094
1093
1095
1097
1096
1097
1100
1101
1100
1102
1103
1105
1104
1106
1108
1109
1109
1111
1111
1112
1112
1114
1116
1117
1117
1117
1118
1119
1120
1122
1124
1123
1126
1125
1126
1129
1128
1130
1132
1131
1134
1134
1135
1137
1138
1137
1139
1141
1140
1143
1143
1144
1144
1147
1148
1148
1149
1150
1150
1152
1152
1154
1156
1156
1156
1158
1159
1161
1162
1163
1162
1165
1164
1167
1166
1168
1170
1171
1170
1172
1172
1175
1176
1176
1177
1178
1178
1181
1180
1181
1183
1184
1184
1187
1186
1187
1190
1190
1192
1193
1192
1194
1194
1195
1198
1198
1198
1199
1202
1202
1202
1203
1204
1206
1207
1208
1208
1209
1210
1212
1214
1214
1214
1216
1218
1217
1220
1221
1222
1223
1223
1224
1224
1226
1226
1229
1228
1229
1231
1231
1233
1233
1236
1235
1238
1238
1240
1241
1241
1242
1244
1244
1246
1246
1248
1249
1249
1251
1252
1253
1254
1254
1254
1257
1256
1258
1259
1260
1262
1262
1262
1265
1264
1265
1267
1269
1268
1269
1272
1273
1272
1274
1274
1275
1276
1277
1280
1279
1282
1281
1283
1284
1286
1286
1286
1289
1288
1289
1290
1293
1294
1293
1296
1297
1298
1297
1299
1299
1300
1302
1302
1304
1304
1306
1308
1307
1309
1310
1310
1311
1312
1315
1315
1315
1318
1319
1320
1320
1320
1322
1324
1325
1324
1327
1328
1329
1330
1330
1330
1332
1333
1335
1335
1335
1337
1338
1340
1340
1341
1342
1344
1345
1345
1345
1347
1349
1348
1350
1351
1352
1352
1355
1356
1356
1356
1358
1358
1361
1360
1362
1362
1364
1364
1365
1366
1367
1369
1371
1370
1371
1374
1373
1374
1376
1376
1379
1380
1379
1382
1381
1383
1383
1385
1386
1386
1387
1388
1389
1390
1391
1394
1395
1396
1396
1397
1398
1400
1399
1401
1402
1403
1403
1406
1406
1408
1409
1410
1411
1412
1413
1412
1415
1415
1416
1417
1419
1418
1419
1421
1423
1424
1424
1425
1426
1426
1427
1429
1431
1431
1431
1433
1433
1436
1437
1436
1437
1440
1440
1442
1441
1443
1444
1446
1446
1447
1448
1448
1450
1452
1453
1452
1453
1454
1456
1458
1458
1459
1460
1461
1463
1463
1463
1464
1466
1466
1469
1469
1469
1471
1471
1472
1475
1475
1477
1477
1477
1480
1479
1480
1481
1484
1484
1484
1487
1487
1487
1488
1490
1490
1491
1493
1494
1496
1497
1498
1497
1499
1501
1502
1502
1502
1503
1505
1505
1508
1509
1510
1509
1511
1511
1513
1514
1516
1516
1516
1517
1520
1520
1522
1521
1524
1523
1525
1525
1527
1529
1528
1529
1532
1531
1534
1535
1535
1536
1536
1539
1539
1539
1540
1541
1543
1544
1545
1545
1546
1549
1549
1549
1552
1551
1554
1554
1556
1556
1557
1558
1559
1560
1561
1562
1564
1563
1564
1567
1568
1569
1568
1570
1570
1571
1574
1575
1575
1576
1577
1577
1580
1580
1582
1582
1583
1584
1584
1586
1588
1588
1590
1591
1591
1592
1593
1593
1595
1595
1596
1597
1598
1599
1602
1602
1602
1603
1606
1605
1606
1607
1609
1610
1611
1613
1614
1614
1616
1616
1617
1617
1619
1621
1621
1622
1622
1624
1624
1627
1627
1628
1630
1631
1630
1632
1632
1634
1636
1635
1636
1639
1639
1639
1641
1642
1643
1645
1644
1645
1646
1649
1648
1651
1651
1651
1654
1653
1655
1656
1657
1659
1658
1661
1660
1662
1664
1665
1664
1666
1667
1667
1668
1670
1671
1672
1674
1674
1674
1677
1676
1677
1679
1681
1680
1681
1684
1685
1684
1685
1687
1689
1688
1689
1691
1693
1692
1693
1694
1697
1697
1697
1699
1701
1700
1701
1704
1705
1705
1706
1708
1709
1710
1710
1712
1712
1712
1715
1714
1716
1718
1718
1718
1719
1721
1723
1723
1724
1724
1726
1726
1729
1728
1731
1732
1731
1733
1735
1734
1737
1736
1738
1739
1740
1741
1742
1742
1743
1744
1747
1746
1747
1750
1751
1751
1752
1753
1753
1755
1755
1758
1757
1760
1761
1762
1763
1762
1763
1764
1766
1766
1769
1770
1770
1772
1773
1774
1773
1775
1777
1777
1778
1780
1779
1782
1782
1784
1783
1786
1786
1787
1788
1789
1790
1790
1793
1794
1794
1796
1796
1797
1798
1800
1800
1801
1802
1802
1805
1804
1807
1808
1807
1810
1809
1812
1813
1813
1814
1816
1817
1818
1819
1819
1819
1821
1823
1824
1823
1824
1827
1828
1828
1830
1831
1832
1833
1832
1834
1834
1836
1836
1837
1838
1841
1841
1842
1844
1843
1845
1845
1847
1848
1848
1849
1851
1851
1853
1854
1855
1855
1856
1857
1858
1860
1862
1862
1862
1863
1865
1866
1867
1869
1869
1869
1870
1872
1874
1873
1875
1875
1878
1877
1878
1879
1880
1883
1883
1884
1884
1885
1886
1889
1889
1891
1891
1891
1894
1894
1896
1895
1897
1899
1898
1901
1900
1903
1902
1905
1904
1907
1907
1909
1909
1911
1911
1912
1912
1915
1916
1917
1916
1918
1919
1919
1922
1921
1922
1925
1925
1926
1928
1927
1928
1930
1930
1933
1933
1935
1935
1935
1937
1939
1939
1941
1942
1943
1942
1945
1944
1946
1946
1947
1950
1950
1952
1952
1954
1954
1955
1956
1956
1959
1959
1959
1961
1962
1963
1964
1964
1965
1968
1969
1968
1969
1970
1972
1973
1975
1976
1975
1976
1979
1980
1980
1980
1982
1983
1984
1985
1987
1987
1989
1988
1989
1992
1991
1993
1995
1994
1996
1997
1998
1999
2001
2001
