1
2
5
6
5
8
7
9
9
10
11
12
15
15
15
18
18
18
19
21
22
24
24
26
25
28
28
28
29
32
31
34
35
34
36
36
37
38
39
42
41
43
43
46
46
48
48
48
50
50
52
54
53
56
57
56
58
59
60
62
62
63
65
64
65
66
68
68
71
72
71
74
74
76
75
77
79
80
81
81
81
82
84
85
85
86
88
88
89
91
92
93
94
94
97
97
99
100
99
102
103
104
105
104
106
108
108
108
109
111
113
112
115
115
117
116
117
119
121
121
123
123
125
125
126
127
127
130
129
131
133
132
133
136
137
137
138
138
139
140
142
142
144
146
147
148
148
150
151
150
153
154
154
155
157
156
159
159
161
161
163
164
164
165
167
167
169
170
169
171
171
173
174
174
175
176
177
180
180
181
181
182
183
185
187
187
189
188
190
192
193
192
193
196
195
196
198
200
201
200
201
204
203
204
207
206
208
209
211
212
211
212
213
215
216
218
217
220
219
222
223
223
224
224
225
228
227
229
231
230
232
232
235
234
235
237
237
239
239
242
243
244
243
244
245
248
247
249
249
251
252
253
255
254
257
257
259
260
260
260
261
263
265
264
267
267
267
270
270
271
272
273
274
275
276
278
278
278
280
282
283
282
284
286
287
286
288
289
290
290
292
292
295
295
296
298
297
300
299
302
303
303
303
304
306
307
309
310
310
310
311
312
315
316
317
317
319
320
319
321
321
324
323
325
325
327
329
329
331
331
331
333
334
335
335
336
338
339
340
342
343
344
343
345
347
346
347
348
350
352
352
354
354
355
355
356
359
358
360
360
361
363
365
364
367
368
367
369
370
372
372
372
374
376
376
377
377
379
381
381
383
383
383
386
385
386
389
388
391
392
392
394
395
395
395
397
397
400
401
402
401
403
403
404
406
407
409
409
411
412
411
414
413
416
416
416
418
419
419
422
423
424
423
424
426
427
429
429
429
432
431
432
435
434
436
436
439
439
441
440
442
444
443
444
445
446
448
448
451
452
452
453
453
456
457
456
458
458
460
461
461
464
465
465
465
467
467
469
471
470
473
474
474
476
477
478
479
478
481
480
482
482
483
484
487
487
487
488
489
492
491
493
494
495
497
496
497
498
499
500
