2003
2000
1999
2000
1997
1997
1997
1996
1994
1994
1993
1992
1989
1988
1989
1988
1985
1984
1984
1984
1983
1981
1981
1978
1979
1976
1976
1975
1974
1972
1972
1970
1971
1970
1969
1968
1965
1965
1964
1962
1963
1961
1961
1959
1959
1956
1956
1956
1954
1953
1952
1952
1951
1949
1949
1947
1946
1945
1943
1942
1942
1942
1941
1939
1939
1938
1937
1935
1933
1932
1932
1932
1930
1929
1928
1928
1927
1925
1925
1922
1921
1921
1921
1920
1918
1916
1915
1914
1915
1913
1911
1910
1909
1908
1909
1906
1905
1904
1905
1903
1901
1901
1899
1899
1899
1897
1895
1896
1894
1894
1893
1891
1889
1889
1887
1886
1886
1885
1885
1882
1881
1880
1881
1879
1879
1876
1876
1874
1874
1873
1872
1872
1870
1869
1867
1868
1865
1866
1865
1863
1863
1862
1860
1860
1859
1858
1855
1856
1854
1854
1852
1852
1851
1848
1848
1847
1847
1846
1845
1842
1842
1840
1841
1840
1838
1836
1837
1834
1835
1833
1833
1832
1829
1828
1828
1826
1825
1824
1824
1823
1823
1821
1821
1819
1817
1818
1815
1814
1813
1812
1813
1810
1811
1809
1807
1808
1807
1806
1804
1802
1801
1802
1799
1800
1799
1797
1795
1795
1794
1794
1791
1791
1791
1789
1788
1787
1787
1786
1785
1783
1783
1782
1780
1780
1777
1778
1776
1775
1774
1773
1771
1771
1770
1768
1767
1766
1766
1764
1765
1762
1761
1760
1761
1759
1757
1756
1756
1756
1753
1753
1751
1750
1751
1748
1747
1746
1747
1744
1743
1743
1743
1740
1739
1739
1738
1737
1737
1736
1733
1732
1733
1730
1729
1729
1729
1726
1725
1725
1723
1723
1722
1722
1719
1718
1718
1716
1716
1716
1713
1714
1711
1710
1710
1710
1709
1708
1705
1705
1705
1703
1703
1701
1699
1698
1697
1696
1696
1695
1694
1694
1693
1692
1690
1690
1689
1688
1686
1685
1683
1684
1681
1681
1679
1679
1679
1676
1677
1676
1673
1672
1673
1672
1671
1669
1669
1668
1666
1665
1664
1664
1661
1660
1659
1658
1658
1658
1656
1654
1653
1654
1651
1651
1649
1648
1647
1647
1646
1646
1644
1643
1643
1642
1639
1639
1638
1636
1637
1634
1635
1634
1631
1630
1630
1628
1629
1627
1626
1626
1625
1623
1621
1622
1619
1619
1617
1618
1617
1615
1615
1612
1613
1611
1611
1610
1608
1608
1605
1606
1603
1603
1602
1601
1600
1600
1598
1598
1596
1596
1593
1593
1592
1590
1590
1588
1588
1586
1585
1586
1584
1584
1582
1580
1581
1578
1579
1577
1577
1574
1573
1572
1573
1571
1570
1569
1568
1566
1567
1566
1565
1564
1561
1562
1559
1560
1557
1556
1557
1555
1553
1552
1551
1550
1550
1550
1549
1547
1546
1545
1544
1543
1541
1540
1539
1538
1537
1536
1535
1536
1533
1532
1533
1531
1530
1528
1529
1526
1525
1524
1523
1523
1523
1522
1519
1520
1517
1516
1517
1514
1513
1513
1511
1512
1510
1509
1508
1507
1506
1504
1504
1502
1503
1501
1500
1500
1499
1496
1495
1494
1495
1493
1493
1491
1490
1489
1488
1488
1486
1485
1483
1483
1481
1481
1481
1478
1477
1478
1477
1474
1473
1472
1471
1470
1470
1469
1468
1468
1465
1464
1464
1462
1462
1461
1460
1460
1459
1456
1455
1455
1455
1452
1453
1452
1449
1449
1449
1448
1447
1445
1444
1443
1441
1440
1440
1439
1438
1438
1435
1434
1433
1434
1431
1430
1431
1430
1429
1427
1427
1424
1425
1423
1421
1422
1419
1420
1419
1418
1415
1415
1414
1413
1412
1411
1411
1410
1407
1408
1407
1404
1405
1402
1402
1401
1399
1400
1398
1398
1395
1394
1395
1392
1393
1392
1391
1390
1388
1386
1385
1385
1384
1384
1382
1381
1379
1379
1378
1378
1377
1374
1375
1374
1371
1371
1369
1369
1367
1368
1366
1365
1365
1362
1363
1362
1361
1359
1359
1357
1357
1354
1353
1353
1352
1350
1351
1350
1349
1348
1345
1345
1344
1343
1342
1341
1340
1340
1339
1338
1335
1335
1334
1333
1332
1332
1331
1330
1328
1327
1326
1326
1323
1323
1322
1321
1319
1319
1318
1317
1316
1315
1314
1313
1311
1310
1310
1308
1309
1307
1305
1306
1305
1302
1303
1302
1300
1298
1298
1297
1296
1294
1293
1293
1291
1292
1291
1288
1287
1286
1285
1285
1285
1284
1283
1281
1279
1279
1278
1276
1275
1275
1275
1272
1272
1272
1270
1268
1269
1267
1265
1265
1265
1264
1263
1261
1259
1259
1258
1258
1256
1255
1254
1252
1253
1252
1250
1249
1248
1248
1245
1246
1244
1242
1242
1242
1240
1238
1237
1237
1237
1235
1235
1234
1233
1231
1230
1229
1227
1227
1225
1224
1224
1222
1221
1221
1219
1220
1217
1218
1217
1214
1215
1214
1213
1210
1209
1209
1208
1208
1207
1205
1203
1202
1201
1201
1199
1199
1198
1197
1197
1196
1193
1194
1191
1190
1189
1190
1187
1186
1186
1184
1184
1184
1183
1182
1181
1180
1179
1177
1176
1176
1174
1173
1172
1171
1170
1169
1168
1167
1166
1166
1164
1164
1161
1161
1161
1160
1157
1157
1157
1156
1154
1154
1153
1152
1150
1150
1148
1147
1145
1144
1144
1142
1142
1141
1140
1138
1137
1137
1136
1134
1134
1134
1131
1131
1129
1129
1129
1126
1127
1126
1123
1124
1121
1120
1119
1118
1119
1117
1116
1115
1115
1114
1111
1111
1111
1109
1109
1107
1105
1105
1104
1102
1102
1101
1100
1098
1097
1098
1095
1095
1095
1094
1091
1092
1091
1089
1087
1087
1085
1084
1085
1082
1083
1081
1081
1080
1078
1076
1076
1074
1073
1073
1073
1071
1071
1069
1067
1068
1065
1066
1065
1062
1062
1061
1061
1059
1058
1058
1055
1054
1053
1052
1052
1052
1050
1048
1049
1046
1045
1045
1045
1044
1043
1041
1041
1040
1038
1036
1037
1036
1033
1032
1033
1031
1029
1030
1029
1027
1026
1024
1025
1022
1023
1021
1019
1018
1018
1016
1017
1015
1015
1013
1013
1010
1011
1008
1009
1006
1005
1006
1003
1003
1003
1001
1001
999
997
998
995
995
995
993
991
992
990
990
987
988
985
984
985
982
983
980
979
978
978
977
975
976
974
974
971
970
970
968
967
967
965
966
963
962
961
960
961
959
959
956
957
955
953
952
953
950
950
950
949
946
947
945
943
944
942
941
940
939
939
936
937
936
935
934
932
931
929
930
929
928
927
925
925
924
921
921
921
918
918
918
915
914
914
914
913
910
910
910
907
906
907
906
903
903
902
902
899
899
899
898
896
896
894
893
891
891
891
890
888
886
885
884
883
883
883
880
881
878
877
878
875
875
875
872
873
871
870
870
869
866
866
866
863
864
862
861
859
860
859
857
856
855
853
853
851
851
851
849
847
847
846
846
845
844
841
842
839
840
837
837
837
836
833
833
831
832
831
829
828
827
825
826
823
822
822
821
819
820
817
816
817
815
815
814
811
811
809
808
809
807
805
804
805
803
801
800
799
799
798
797
795
794
793
793
793
791
789
789
789
786
787
786
785
784
782
781
779
779
777
778
775
774
774
772
772
770
771
768
769
767
767
766
764
763
763
761
761
759
759
758
756
756
755
754
753
751
749
750
747
747
746
745
745
743
741
742
739
738
738
738
735
734
735
734
731
731
729
728
727
726
727
724
725
722
722
721
721
719
717
718
715
714
713
714
713
710
711
710
709
706
706
704
703
703
701
701
699
699
699
696
696
695
693
692
691
692
690
688
689
688
687
685
683
683
683
682
679
680
679
678
677
675
673
673
672
672
670
668
668
667
667
665
664
663
663
662
660
658
658
658
655
655
654
653
651
652
651
649
647
647
645
646
643
643
641
641
639
638
637
636
636
636
633
632
633
630
629
629
627
628
627
624
625
622
622
620
620
619
617
616
615
614
613
612
613
612
611
609
608
607
607
604
604
603
602
600
601
599
599
598
597
596
595
594
591
592
590
589
588
588
585
584
584
584
583
581
580
579
577
576
576
576
574
572
572
570
571
570
567
566
567
565
565
562
562
561
561
559
558
557
555
555
555
554
551
550
549
549
549
547
546
545
544
544
542
540
539
539
537
538
536
534
534
532
531
532
530
530
528
526
527
524
523
522
523
521
519
520
518
516
515
515
513
512
512
511
511
510
509
506
506
506
505
503
500
500
500
499
497
498
497
496
493
493
491
491
490
490
488
486
485
486
484
484
481
482
479
479
477
477
477
474
473
474
471
472
471
469
468
466
467
465
463
462
461
461
460
459
457
456
457
455
453
454
451
452
450
450
448
447
446
445
444
443
442
442
439
438
439
438
437
434
434
432
431
432
431
429
428
427
425
426
424
424
422
421
420
418
418
418
416
416
415
413
412
411
409
409
407
406
405
404
403
404
402
400
399
400
397
396
395
395
394
393
393
392
390
390
388
387
385
385
385
383
382
380
380
378
379
377
376
376
375
372
372
370
370
370
367
366
367
365
363
363
362
361
361
358
357
356
357
354
355
353
351
352
349
349
348
347
347
344
345
342
342
342
341
338
338
337
335
334
334
333
332
332
330
328
329
326
325
325
325
322
321
322
321
318
317
317
317
314
313
313
313
310
309
308
309
307
305
305
305
302
301
302
301
299
298
298
297
296
294
294
292
290
291
288
288
288
286
284
283
283
283
281
280
278
278
276
277
274
275
274
271
271
271
268
269
266
266
265
264
263
262
260
259
258
259
256
255
256
255
253
252
251
249
249
247
248
245
246
245
244
243
240
239
238
238
236
237
236
234
234
233
232
229
229
229
227
226
226
223
224
222
222
219
220
218
217
216
215
214
212
213
212
210
210
208
207
206
206
204
203
202
200
201
198
199
198
195
196
193
194
193
191
190
190
189
188
187
185
183
183
183
182
179
178
179
178
176
176
175
174
173
170
170
168
168
166
165
164
165
163
162
162
159
159
157
157
156
154
153
153
151
151
150
149
147
146
145
144
144
144
142
140
139
139
138
137
137
135
133
132
132
132
129
129
127
128
125
124
123
122
123
121
120
118
117
116
117
115
115
113
111
112
110
110
107
107
107
104
105
102
103
100
101
98
99
97
97
95
95
93
92
90
91
90
89
86
86
85
83
84
81
80
81
79
78
78
75
74
74
72
73
71
71
69
67
67
67
65
65
64
63
60
61
58
58
56
55
56
54
54
52
52
50
49
48
46
47
45
43
43
42
41
40
38
37
38
37
34
33
32
32
31
31
30
27
26
27
26
24
22
22
21
20
19
19
17
17
14
13
14
11
11
11
8
8
7
6
5
5
3
