500
500
500
498
499
496
495
494
493
494
492
490
490
488
489
488
487
484
485
482
481
481
480
480
479
476
477
474
475
472
473
471
470
468
467
467
467
465
465
462
463
460
461
460
457
457
457
455
454
454
452
450
451
450
449
448
446
444
445
444
443
441
440
439
437
436
437
434
434
434
432
430
431
428
428
428
427
424
424
423
423
421
419
420
418
418
417
416
413
412
412
412
410
410
409
407
406
405
404
403
403
401
399
399
397
397
396
395
393
393
393
392
391
388
387
387
387
386
383
384
381
382
381
380
377
376
377
375
374
372
372
372
370
370
368
368
366
365
363
362
362
362
360
360
359
357
355
354
354
353
352
351
350
350
349
347
346
344
344
343
342
341
340
338
338
338
335
336
333
334
333
330
329
328
328
328
326
326
324
324
322
320
321
319
318
318
315
314
314
314
312
312
309
309
309
307
306
304
303
303
302
300
299
299
297
297
296
294
295
294
292
291
290
289
289
287
286
285
285
282
283
280
280
280
279
276
275
275
273
272
272
270
271
269
269
267
267
266
264
262
263
261
259
259
259
258
257
254
253
252
252
250
249
248
248
246
247
245
243
244
241
242
240
238
238
237
237
236
234
232
233
232
231
230
228
227
226
225
224
223
223
220
219
218
217
216
215
214
213
212
211
210
209
208
208
207
206
205
204
202
202
202
199
200
197
197
197
196
193
192
193
190
190
188
187
187
186
185
185
183
183
181
180
179
178
177
176
176
175
174
173
172
171
170
168
167
166
165
163
163
163
162
160
159
159
158
156
156
154
154
152
151
150
149
148
147
147
144
143
142
143
142
139
140
139
137
136
134
133
132
131
132
130
130
129
128
126
125
123
123
121
120
120
119
119
116
117
115
115
112
113
111
109
109
107
107
105
105
104
103
101
101
100
99
99
96
96
96
94
93
91
91
89
88
89
86
85
85
84
83
83
81
80
79
79
77
76
75
75
74
73
71
71
68
69
68
66
66
64
63
61
60
59
60
58
56
56
55
54
52
51
50
51
49
47
48
46
44
44
43
42
42
39
40
37
37
35
34
34
33
31
32
29
29
29
26
25
25
25
23
22
22
21
18
19
16
15
16
13
12
12
11
11
10
8
7
5
6
3
4
