-1834115899
673916781
-545910562
-1383754641
1252195819
1126364239
152107736
191426864
330553241
1813947092
-1534615952
-1497707171
1065533981
202059515
-1331365054
-849869535
-1451092855
168166977
181732429
1594022684
-1503525942
-1415824605
-1475991762
1624392072
1801002745
600501474
1975489168
1642729884
981974257
708306821
-1733234718
-1988831948
-592695519
1711652900
-2129165237
440272561
-580465246
-1273564830
-492835622
1691740958
732573835
-70796229
1948969474
1679190675
1290087044
123654399
-1756434875
460491486
876173465
-1695480675
-1093180370
-1460637601
283794256
1031050788
-367140989
1615333682
1700728060
142919815
-1876382277
530499219
1674529107
-1809918816
1413314989
-218429314
-1404167618
816674679
1028519562
-2146426986
-225878544
457744579
-2054175219
850266439
-174769606
-228391504
2129661424
-1188148690
1386934556
880253922
1059483809
-1310094665
-1440224610
182796473
-2110628555
-44574201
-174913568
-1589178154
1598614173
-1506297059
-885288080
561787870
1776857622
-935960525
828793563
1987715197
-1171497754
5617769
-181207674
-802120531
600561988
1458779045
-1314136898
-1451819464
-708351337
-199466828
-1626203892
-1435603077
1689716963
1779222965
1118181581
373111916
1114358656
-1182616906
1630802946
-1362924579
909646604
240033439
1942258021
-869717759
353339042
1515961934
-348274500
1160495407
-1090742197
-1733448189
-20605328
672545254
-76516172
1924277502
-1769583520
-409025776
-689597919
-150242458
979667954
-1028486774
2105209505
-471651731
795886955
-691163676
-2033431165
-165565776
548157568
-2112527515
1117707272
-1663347485
-1519586771
-918127791
-884884135
588785837
-1706470460
770367597
-1661196869
-1005150768
-828115128
1466746562
-791491328
2106057612
-780794629
-1111059551
798052416
-1035587003
1366904373
49988071
1738242761
1156322147
1213776246
963593858
1070967379
-423771271
325815230
486291763
-1691172233
-893119832
1341160220
1798686101
644440930
-1593153723
1107588741
2037753949
859396037
1491584697
1172840167
-727139102
1573219855
-1789589335
668331388
-735486240
1612001502
-372205482
-1326750877
1312269432
-518704462
594700357
-2067980693
103593082
-22814493
-1495729118
-329849038
2056699111
-391900715
1388489952
233180270
-1338028624
-1393704343
-558593243
-1789026422
-1091167292
-1802979658
2000847845
256468596
-904499127
1629745656
1822600012
1425905333
-1050818520
-1049085496
1315951073
-442585663
-1693554737
1400051853
1461569512
-211944816
-2034178255
384504626
-991694073
754756716
-51119599
-764082664
-1022813653
-630162676
714733696
1493032270
264604588
228735970
1842867108
155917311
916390318
1324349617
-769514822
733472555
1198778570
94460769
1646171229
-710178918
-1918767890
-1340701930
-311062520
-1063151860
990769281
-345598338
2084406232
-1955902283
-292433462
-5986454
288807574
1523883239
-961109358
-1437156448
-874957323
-363913199
-2031602169
-854323474
-1283225321
821032167
-1866913566
1744626306
-97200299
-1708322334
-761477172
1611623801
-548693185
-140920341
-1276217347
1434632885
1445337569
950601810
-1183545818
-1484144653
-2124536248
1249429508
-2012840047
1852660251
100604228
1662388733
-623019643
68082394
1253900654
1020276475
1788275438
-891821203
1109413740
776362099
-145163203
2099726528
1141473907
-1775864632
638677389
-123265865
1596233997
760502970
-2068409593
1391032522
370952732
-1566398436
1443084166
74374615
-1697035746
2142132170
547444093
638729523
-1139138383
168379096
-230506984
2013527809
326390361
1575944462
-1019091295
574527943
-879238527
-746398572
-52173787
-1712025795
213545407
1145883881
1240923478
-1356799384
-1080066980
-1751732967
690321075
-1503634712
-1425572590
682238255
812023013
785066381
-1146619881
-452796697
866701676
-1897151953
-1737837990
563105192
342433146
946405054
198351116
140292528
-1902112993
214359959
-1672929951
-2103486832
-275602267
-1878885095
1073678487
-1180537637
-154056131
1963130488
171445303
-1170436326
-950489638
-719148592
529044122
-1373036030
-2137952932
-860855939
285316014
730465256
-216399119
-2089082199
-608275975
-1332723852
-1374121032
259938597
1594172382
-688867947
-41384794
1776229500
-680973025
-1415253324
718404013
2027399749
1164324003
-490233045
-1791515878
758100409
300876408
140466936
-645300930
-457882492
2142949914
-52321107
-162437552
-971800353
-991337227
-631010389
-40325487
178342110
170701096
487331215
-1246493007
697539334
188582027
-1716494613
1769304177
1789157410
-63065101
1741180728
-604367479
1979171414
2030698164
-1822025717
-951834421
1092051316
849540710
-808848505
-852544121
243005582
1677419244
-825305582
1112506673
-1147975477
-1360545103
-1677457589
-1875680447
163143038
1004148533
-552413637
310884186
-159810188
-137728569
659479754
-1492202066
937188749
-1151135597
-45971853
-1385464416
-3250035
1904589791
99667515
-810008918
-821940172
-373443695
-778016801
-1443075200
962616203
-1720208140
1016318028
-1290792075
2102896256
-585056069
-2041265837
-1214185954
-109787467
1289290053
1534174364
-1106131660
970148244
-277327582
418718171
1645619390
913686438
-965335595
532763714
528351599
-1381709531
-1642143013
1669968694
-1093503668
1599723471
-878913300
-1263609276
712987281
2041821692
-1644464768
16407638
-1971538731
1069564658
-1800444268
-865593823
755718252
-322460552
-979978579
68006881
-1353170932
-201634392
1511007517
-1861722552
520261810
-130850039
1324957316
1935917747
-1480013882
2122523612
307689881
-596841826
1834004349
1377685686
-1687888854
-1609132454
-1303399042
-2054494386
-620565408
1027346173
-1970305080
-1834115899
673916781
-545910562
-1383754641
1252195819
1126364239
152107736
191426864
330553241
1813947092
-1534615952
-1497707171
1065533981
202059515
-1331365054
-849869535
-1451092855
168166977
181732429
1594022684
-1503525942
-1415824605
-1475991762
1624392072
1801002745
600501474
1975489168
1642729884
981974257
708306821
-1733234718
-1988831948
-592695519
1711652900
-2129165237
440272561
-580465246
-1273564830
-492835622
1691740958
732573835
-70796229
1948969474
1679190675
1290087044
123654399
-1756434875
460491486
876173465
-1695480675
-1093180370
-1460637601
283794256
1031050788
-367140989
1615333682
1700728060
142919815
-1876382277
530499219
1674529107
-1809918816
1413314989
-218429314
-1404167618
816674679
1028519562
-2146426986
-225878544
457744579
-2054175219
850266439
-174769606
-228391504
2129661424
-1188148690
1386934556
880253922
1059483809
-1310094665
-1440224610
182796473
-2110628555
-44574201
-174913568
-1589178154
1598614173
-1506297059
-885288080
561787870
1776857622
-935960525
828793563
1987715197
-1171497754
5617769
-181207674
-802120531
600561988
1458779045
-1314136898
-1451819464
-708351337
-199466828
-1626203892
-1435603077
1689716963
1779222965
1118181581
373111916
1114358656
-1182616906
1630802946
-1362924579
909646604
240033439
1942258021
-869717759
353339042
1515961934
-348274500
1160495407
-1090742197
-1733448189
-20605328
672545254
-76516172
1924277502
-1769583520
-409025776
-689597919
-150242458
979667954
-1028486774
2105209505
-471651731
795886955
-691163676
-2033431165
-165565776
548157568
-2112527515
1117707272
-1663347485
-1519586771
-918127791
-884884135
588785837
-1706470460
770367597
-1661196869
-1005150768
-828115128
1466746562
-791491328
2106057612
-780794629
-1111059551
798052416
-1035587003
1366904373
49988071
1738242761
1156322147
1213776246
963593858
1070967379
-423771271
325815230
486291763
-1691172233
-893119832
1341160220
1798686101
644440930
-1593153723
1107588741
2037753949
859396037
1491584697
1172840167
-727139102
1573219855
-1789589335
668331388
-735486240
1612001502
-372205482
-1326750877
1312269432
-518704462
594700357
-2067980693
103593082
-22814493
-1495729118
-329849038
2056699111
-391900715
1388489952
233180270
-1338028624
-1393704343
-558593243
-1789026422
-1091167292
-1802979658
2000847845
256468596
-904499127
1629745656
1822600012
1425905333
-1050818520
-1049085496
1315951073
-442585663
-1693554737
1400051853
1461569512
-211944816
-2034178255
384504626
-991694073
754756716
-51119599
-764082664
-1022813653
-630162676
714733696
1493032270
264604588
228735970
1842867108
155917311
916390318
1324349617
-769514822
733472555
1198778570
94460769
1646171229
-710178918
-1918767890
-1340701930
-311062520
-1063151860
990769281
-345598338
2084406232
-1955902283
-292433462
-5986454
288807574
1523883239
-961109358
-1437156448
-874957323
-363913199
-2031602169
-854323474
-1283225321
821032167
-1866913566
1744626306
-97200299
-1708322334
-761477172
1611623801
-548693185
-140920341
-1276217347
1434632885
1445337569
950601810
-1183545818
-1484144653
-2124536248
1249429508
-2012840047
1852660251
100604228
1662388733
-623019643
68082394
1253900654
1020276475
1788275438
-891821203
1109413740
776362099
-145163203
2099726528
1141473907
-1775864632
638677389
-123265865
1596233997
760502970
-2068409593
1391032522
370952732
-1566398436
1443084166
74374615
-1697035746
2142132170
547444093
638729523
-1139138383
168379096
-230506984
2013527809
326390361
1575944462
-1019091295
574527943
-879238527
-746398572
-52173787
-1712025795
213545407
1145883881
1240923478
-1356799384
-1080066980
-1751732967
690321075
-1503634712
-1425572590
682238255
812023013
785066381
-1146619881
-452796697
866701676
-1897151953
-1737837990
563105192
342433146
946405054
198351116
140292528
-1902112993
214359959
-1672929951
-2103486832
-275602267
-1878885095
1073678487
-1180537637
-154056131
1963130488
171445303
-1170436326
-950489638
-719148592
529044122
-1373036030
-2137952932
-860855939
285316014
730465256
-216399119
-2089082199
-608275975
-1332723852
-1374121032
259938597
1594172382
-688867947
-41384794
1776229500
-680973025
-1415253324
718404013
2027399749
1164324003
-490233045
-1791515878
758100409
300876408
140466936
-645300930
-457882492
2142949914
-52321107
-162437552
-971800353
-991337227
-631010389
-40325487
178342110
170701096
487331215
-1246493007
697539334
188582027
-1716494613
1769304177
1789157410
-63065101
1741180728
-604367479
1979171414
2030698164
-1822025717
-951834421
1092051316
849540710
-808848505
-852544121
243005582
1677419244
-825305582
1112506673
-1147975477
-1360545103
-1677457589
-1875680447
163143038
1004148533
-552413637
310884186
-159810188
-137728569
659479754
-1492202066
937188749
-1151135597
-45971853
-1385464416
-3250035
1904589791
99667515
-810008918
-821940172
-373443695
-778016801
-1443075200
962616203
-1720208140
1016318028
-1290792075
2102896256
-585056069
-2041265837
-1214185954
-109787467
1289290053
1534174364
-1106131660
970148244
-277327582
418718171
1645619390
913686438
-965335595
532763714
528351599
-1381709531
-1642143013
1669968694
-1093503668
1599723471
-878913300
-1263609276
712987281
2041821692
-1644464768
16407638
-1971538731
1069564658
-1800444268
-865593823
755718252
-322460552
-979978579
68006881
-1353170932
-201634392
1511007517
-1861722552
520261810
-130850039
1324957316
1935917747
-1480013882
2122523612
307689881
-596841826
1834004349
1377685686
-1687888854
-1609132454
-1303399042
-2054494386
-620565408
1027346173
-1970305080