-804040113
-82404145
-1776958249
1717016097
867436840
-937302057
-2071770912
-871092252
1115290184
-1834674125
-1129765302
508392572
1843517156
108312550
346795917
1088526693
-1542872981
-359326729
-1145878966
-1550886868
784936117
492922523
-744186720
1368078132
-2108540548
-417462382
1292580797
-31843658
-1594244342
1619549905
-980351050
-11181559
95654452
-1075092128
1404512411
1606227235
-505137786
626753669
422650054
1988159071
616356287
1681515298
-1719324557
-2051994496
764917119
1598169435
1906935445
-1324074763
520289342
-882189701
-2139132185
-1200607650
-1600942976
-1358127848
-2071278272
-2132362418
158846278
877685108
-363496917
-354345646
-1336512825
-1978042843
366171318
1092620338
-1383333280
-1682695432
18161034
-903410314
647339464
-2016541165
417689404
-2086830037
463863175
-2133188775
-573806623
-1482100506
1044765352
1447345681
-492054553
1794076169
414672813
1694700745
1122961954
119649348
2095065282
1364391800
-429491931
98622302
-33842378
1361993698
-1046936109
1120635701
93085734
961041472
1809417013
-306512637
-1188503942
329192479
-1442272372
670584034
