376028
3682
3618
4327
3587
3581
3581
3581
3580
3584
3581
3581
3583
3582
4360
3589
3581
3582
3581
3581
3633
3694
3699
3594
4355
3600
3595
3595
3596
3594
3594
3594
3594
3594
4226
3600
3597
3594
3594
3596
3596
3595
3594
3596
4226
3657
3595
3614
3598
3599
3595
3595
3599
3596
4229
3587
3594
3603
3595
3594
3596
3595
3595
3595
3594
4207
3602
3595
3596
3595
3596
3595
3595
3595
3596
4209
3601
3596
3598
3596
3595
3595
3595
3595
3595
4210
3601
3596
3596
3595
3594
3595
3595
3595
3595
4204
3602
3596
3595
3595
3597
3595
3595
3595
3597
3595
9834
3662
3596
7382
797
664
668
698
624
619
619
619
620
620
618
618
618
618
619
618
618
618
619
618
618
618
619
618
618
618
620
619
619
618
620
619
619
619
620
619
619
619
620
619
619
619
620
618
619
620
618
618
618
619
618
618
618
619
618
618
618
619
618
618
618
620
618
618
618
620
619
619
619
620
619
619
619
620
619
619
619
620
618
619
8247
626
616
616
616
616
616
616
616
616
617
616
616
616
617
617
616
617
617
617
617
617
617
617
617
617
617
617
617
617
617
616
617
617
617
616
616
616
617
616
616
616
616
616
616
616
616
616
616
616
616
616
617
616
616
617
617
617
616
617
617
617
617
617
617
617
617
617
617
617
617
617
617
617
617
617
617
617
616
617
617
616
1083
617
617
617
617
617
617
617
617
617
617
617
617
617
616
617
617
617
617
616
617
616
616
617
616
617
616
616
616
616
616
616
616
616
616
616
616
616
616
616
617
616
616
617
616
617
616
617
617
617
617
617
617
617
617
617
617
617
617
617
617
617
617
617
617
617
617
616
617
616
617
617
616
617
616
616
616
616
617
616
616
616
1049
616
617
616
617
616
616
617
617
617
617
616
617
617
617
617
617
617
617
617
617
617
617
617
617
617
616
617
617
617
616
616
617
617
616
616
616
616
616
616
616
616
616
616
616
616
616
617
616
616
616
617
617
616
616
617
617
617
617
617
617
617
617
617
617
617
617
617
617
617
617
617
617
617
616
617
617
616
616
616
617
616
1017
616
616
616
616
616
616
616
616
616
616
617
616
617
616
617
617
616
617
616
617
617
617
617
617
617
617
617
617
617
617
617
617
617
616
617
616
617
616
616
616
616
616
616
616
616
616
616
616
616
616
616
616
616
617
616
617
616
616
617
616
617
616
617
617
617
617
617
617
617
617
613
620
621
619
621
620
621
620
621
620
621
37093
610
621
622
621
621
622
620
608
619
618
627
623
611
623
620
608
619
607
613
622
620
622
621
616
620
621
620
606
622
621
622
619
620
621
623
627
621
622
620
675
615
621
612
621
621
620
620
619
620
621
623
620
620
621
621
620
620
619
619
620
621
620
630
620
619
621
619
615
620
621
620
620
621
620
620
621
622
620
620
623
620
