357035
3765
3714
4301
3700
3696
3697
3701
3690
3690
3690
3690
3690
3690
4264
3701
3690
3690
3691
3689
3690
3691
3690
3691
4267
3702
3687
3691
3690
3690
3690
3690
3717
3692
4282
3702
3686
3687
3687
3686
3686
3686
3687
3687
4249
3693
3686
3686
3686
3686
3686
3687
3687
3686
4260
3685
3687
3687
3686
3686
3686
3686
3686
3686
3686
4256
3693
3686
3686
3686
3686
3686
3686
3686
3686
4257
3693
3686
3687
3686
3686
3686
3686
3686
3686
4256
3694
3686
3686
3686
3687
3687
3686
3686
3686
4257
7644
3296
3197
3173
