40435
19679
17391
18220
17355
17960
17356
17963
17356
17960
17355
17955
17355
17965
17356
17955
17355
18010
17357
17957
17356
17960
17357
17959
17352
17975
17356
17963
17356
17958
17355
17959
17355
17953
17355
18045
17355
17960
17356
18039
17356
17355
18054
17356
18237
17409
17989
17358
17968
17357
17962
17358
17966
31404
18330
17350
17953
17350
17954
17349
17954
17349
17954
17350
17953
17349
17948
17349
17953
17350
17995
17349
17950
17350
17949
17349
17963
17350
17949
17350
17954
17349
17950
17350
17349
18001
17350
17994
17349
17949
17349
17994
17349
17997
17350
17992
17350
17953
17349
17952
17349
17949
17350
17951
17349
17949
17350
17953
17355
17980
17350
17962
17349
18011
17350
17959
17350
18007
17350
17953
17350
17958
17350
17955
17349
17999
17350
17378
17971
17350
18041
17349
17951
17349
17954
17350
17953
17350
17955
17350
17954
17349
18006
17349
17954
17350
17997
17350
17953
17349
17958
17349
17962
17350
18001
17349
18000
17349
17954
17349
17996
17349
17954
17349
17954
17349
17955
17350
17954
17349
17349
17960
17350
17969
17349
17948
17350
17952
17349
17954
17349
17953
17349
17953
17350
17954
17350
18000
17349
17954
17349
17952
17349
17954
17349
17953
17349
17956
17350
17965
17349
24880
16856
17665
16726
17468
16725
17444
16726
17441
16726
17447
16726
16726
17447
16727
17453
16726
17441
16726
17451
16726
17451
16726
17454
16726
17441
16726
17452
16726
17446
16726
20062
16735
19160
16724
17448
16761
17439
16725
17455
16725
17443
16724
17445
16725
17440
16723
17447
16724
17440
16724
17448
16724
17437
16724
16723
17449
16725
17442
16724
20537
16729
17550
16724
17476
16725
17436
16725
17440
16724
17441
16727
17438
16726
22623
16760
17448
16723
17432
16723
17502
16724
17456
16726
17424
17949
18241
16723
17394
16723
17392
16723
17385
16723
17390
16723
16723
17383
16723
17391
20015
2381
2267
2256
2299
2296
2295
2295
2296
2295
2295
2295
2295
2295
2296
42433
2325
2269
2289
2258
2278
2306
2306
2306
2306
2305
2306
2306
2306
2306
2305
3164
2306
2306
2306
2305
2306
2306
2308
2306
2307
2307
2306
2306
2306
2305
2306
2306
2759
2305
2306
2306
2306
2306
2305
2306
2307
2306
2306
2305
2306
2306
2306
2306
2721
2306
2306
2306
2305
2306
2306
2306
2306
2305
2306
2306
2306
2306
2305
2306
2716
2306
2305
2306
2306
2306
2306
2305
2306
2306
2306
2306
2305
2306
2306
2306
2306
2706
2306
2306
2306
2305
2305
2306
2307
2306
2306
2309
2306
2306
2306
2305
2307
2703
2306
2306
2306
2306
2305
2306
2306
2306
2306
2305
2305
2306
2306
2306
2306
2306
2692
2306
2306
2306
2306
2305
2307
2306
2306
14886
12996
2245
2306
2306
2306
2307
3014
2305
2306
2306
2306
5913
2305
2306
2306
2306
2306
2306
2306
2306
2306
2307
2785
2306
2307
2305
2309
2307
2307
2305
2307
2305
2306
2306
2306
2308
2308
2307
2305
2715
2306
2306
2306
2306
2307
2305
2306
2306
2306
2306
2307
2308
2308
2307
2305
2733
2306
2306
2306
2306
2306
2307
2306
2308
2306
2306
2306
2307
2306
2306
2306
2306
2700
2306
2306
2306
2306
2306
2306
2306
2306
2306
2307
2306
2305
2306
2306
2306
2756
2305
2306
2306
2306
2306
2306
2306
2306
2306
2307
2306
2305
2306
2308
2306
2733
2306
2307
2305
2306
2306
2306
2306
2306
2306
2306
2307
2306
2306
2306
2306
2307
2697
2306
2305
2306
2306
2309
2305
2306
2306
2305
2309
2306
2306
2306
2306
2306
2715
2306
2305
2306
2306
2306
2306
2307
2306
2305
2307
2305
2306
2306
2306
2306
2711
2306
2306
2306
2306
2306
