30398375
9033
9491
8911
8874
8862
9317
8978
8861
8862
9303
8930
8861
8861
9293
8880
8862
8862
8862
9413
8864
8861
8861
9415
8867
8862
8862
9300
8861
8862
8862
9404
8866
8862
8861
9406
8866
8862
8861
9351
8867
8863
8850
9297
8880
8862
8861
9295
8978
8861
8862
9286
8880
8862
8861
9277
8981
8861
8861
8867
9390
8866
8862
8864
9396
8861
8861
8862
9394
8866
8865
8862
9391
8861
8861
8861
9394
8867
8861
8862
9378
8868
8862
8862
9277
8875
8862
8866
9280
8879
8861
8862
9280
8978
8861
8862
9387
8869
8861
8861
9282
8931
8861
8861
8862
9287
8867
8862
8861
9397
8866
8862
8861
9392
8866
8861
8862
9279
8863
8862
8862
9324
8866
8862
8861
9307
8868
8862
8861
9282
8931
8864
8862
9278
8868
8862
8862
9281
8879
8862
8861
9288
8985
8865
8862
8862
9484
8866
8861
8861
9393
8861
8861
8862
9392
8866
8862
8861
9390
8862
8862
8861
9389
8866
8862
8862
9332
8867
8861
8862
9276
8874
8861
8861
9279
8977
8861
8861
9282
8978
8862
8861
9277
8930
8862
8861
8861
9385
8866
8862
8861
9397
8865
8862
8861
9282
8861
8862
8862
9390
8866
8861
8861
9283
8866
8862
8862
9323
8867
8861
8861
9280
8880
8862
8862
9280
8978
8861
8862
9282
8931
8862
8862
9278
8869
10593
9106
9461
8879
8862
8861
8861
9412
8867
8861
8861
9409
8866
8862
8861
9401
8872
8861
8862
9293
8864
8862
8862
9405
8872
8861
8861
9344
8866
8862
8861
9374
8868
8862
8861
9289
8880
8861
8862
9284
8978
8862
8862
9284
8875
8862
8862
8866
9438
8866
8861
8862
9404
8866
8862
8861
9399
8866
8861
8861
9290
8866
8862
8862
9397
8866
8862
8861
9393
8867
8862
8862
9284
8869
8862
8861
9290
8879
8861
8861
9286
8978
8861
8861
9285
8930
8861
8862
9281
8868
8861
8862
8861
9405
8867
8861
8862
9292
8864
8862
8861
9403
8866
8862
8861
9291
8864
8861
8862
9400
8866
8861
8864
9389
8867
8862
8861
9291
8880
8862
8862
9286
8978
8862
8862
9286
8879
8862
8861
9281
8978
8861
8861
8862
9497
8873
8862
8862
9404
8862
8861
8861
9401
8867
8862
8862
9398
8861
8862
8862
9397
8866
8862
8861
9339
8868
8862
8861
9284
8874
8864
8861
9287
8879
8861
8861
9287
8978
8861
8861
9283
8879
8862
8861
8861
9348
8866
8868
8862
9292
8864
8861
8861
9405
8867
8861
8862
9294
8866
8862
8861
9411
8866
8861
8861
9329
8866
8861
8861
9288
9023
8862
8861
9300
8879
8862
8861
9288
8978
8861
8861
9283
8879
8863
8862
9283
8978
8861
8862
8862
9389
8866
8861
8861
9403
8861
8861
8861
9399
8867
8862
8861
9398
8861
8861
8861
9398
8866
8861
8861
9348
8867
8861
8861
9371
8879
8862
8861
9290
8978
8861
8861
9285
8869
8862
23302
11073
8945
8861
8862
8861
9399
8866
8860
8861
9296
8861
8861
8861
9402
8865
8861
8861
9398
8865
8861
8861
9288
8864
8861
8861
9338
8865
8862
8861
9286
8979
8861
8861
9285
8879
8862
8862
9289
8981
8861
8862
9286
8879
8861
8861
9280
8979
8861
8861
8863
9403
8866
8861
8861
9400
8861
8861
8860
9398
8865
8861
8861
9397
8861
8862
8862
9396
8865
8862
8862
9345
8867
8861
8864
9290
8875
8861
8861
9289
8878
8862
8861
9286
8978
8861
8862
9284
8880
8861
8861
8861
9398
8861
8861
8862
9402
8865
8861
8861
9401
8861
8861
8861
9399
8868
8861
8861
9396
8861
8861
8861
9384
8866
8861
8861
9284
8980
8862
8861
