9282168
12787
12620
13474
12865
12603
12603
13274
12867
12604
12603
13246
12867
12603
12603
13227
12868
12603
12603
13229
12868
12603
12603
13228
12868
12603
12605
13088
13009
12603
12603
13087
13010
12606
12603
12603
13489
12603
12603
12603
13242
12603
12603
12603
13240
201449
13216
13203
16533
13203
13203
13203
13732
13203
13203
13203
13702
13203
13203
13202
13692
13205
13202
13203
13690
13204
13202
13203
13691
13205
13203
13202
13689
13204
13203
13203
13202
13692
13203
13203
13202
13692
13202
13203
13202
13691
13203
13203
13202
13692
13204
13203
13203
13692
13203
13202
15080
14609
13203
13203
13203
13686
13204
13203
13202
13686
13204
13203
13203
13686
13205
13202
13202
13690
13204
13202
13203
13687
13205
13202
13858
13206
13722
13203
13203
13202
13694
13203
13203
13203
13696
13203
13203
13203
19045
13204
13202
13202
14019
13202
13201
13202
13692
13203
13202
13202
13693
13203
13202
13202
13690
13204
13201
13212
13689
13203
13203
13202
13690
13203
13202
13202
13202
13689
13201
13202
13201
13688
13202
13202
13201
13688
13202
13201
13201
13690
13202
13202
13202
13689
13203
13202
13202
13690
13203
13201
13202
13684
13203
13202
13202
13685
13204
13202
13202
13688
13203
13202
13202
13688
13203
13201
13202
13202
13689
13201
13202
13202
13688
13202
13202
13202
13687
13202
13201
13202
13688
13202
13201
13201
13688
13203
13202
13202
13688
13203
13202
13201
13688
13203
13201
13201
13688
13204
13201
13201
13687
13203
13201
13202
13688
13203
13201
13202
13201
13690
13203
13202
13201
13691
13202
13202
13202
13687
13203
13205
13202
13688
13202
13201
13201
13689
13203
13202
13201
13690
13207
13202
13202
13688
13203
13201
13201
13688
13203
13201
13202
13687
13204
13202
13201
14990
13205
13201
13201
13201
13699
13202
13202
13202
13696
13202
13201
13205
13696
13202
13202
13201
13688
13202
13207
13202
13694
13203
13202
13202
13692
13203
13202
13201
13689
13204
13202
13202
13690
13203
13202
13202
13692
13203
13203
13202
13689
13203
13202
13202
13688
13204
13203
13202
13202
13695
13202
13202
13202
13688
13202
13202
13202
13690
13203
13201
13204
13690
13203
13202
13201
13689
13203
13201
13202
13688
13204
13202
13202
13691
13203
13201
13202
13687
13203
13205
13202
13689
13203
13202
13202
13687
13203
13202
13201
13202
13691
13202
13202
13202
13688
13202
13201
13201
13689
13202
13202
13201
13689
13203
13202
13202
13689
13202
13201
13201
13688
13203
13202
13201
13689
13203
13201
13203
13687
13203
13201
13202
13688
13203
13201
13202
13686
13203
13203
13202
13202
13692
13202
13201
13202
13688
13202
13202
13202
13692
13203
13201
13202
13690
13202
13202
13031
19537
13209
13207
13208
13704
13208
13207
13207
13692
13208
13207
13207
13691
13209
13207
13208
13692
13209
13207
13207
13691
13210
13208
13207
13208
13690
13207
13207
13207
13690
13208
13207
13207
14591
13209
13207
13207
14771
13208
13207
13208
13702
13208
13208
13207
13706
13215
13207
13208
13701
13208
13208
13207
13701
13209
13207
13208
13704
13209
13207
13207
13699
13209
13208
13207
13207
13703
13207
13207
13207
13696
13207
13208
13207
13701
13208
13208
13210
13703
13208
13207
13207
13706
13208
13207
13207
13701
13208
13207
13208
13701
13208
13208
13208
13701
13209
13218
13207
13747
13209
13207
13207
13720
13209
13207
13208
13702
13209
13208
13207
13207
13706
13208
13209
13207
13702
13208
13208
13207
13703
13208
13208
13207
13705
13208
13207
13207
13702
13208
13207
13207
13706
13208
13207
13208
13709
13209
13207
13208
13702
13208
13207
13207
13700
13209
13207
13207
13701
13208
13207
13208
13207
13703
13208
13208
13207
13702
13208
13207
13207
13702
13208
13208
13207
13702
13208
13208
13207
13702
13208
13207
