16260105
8918741
8947619
8919452
8799328
4466600
3837343
1850654
1846479
1847796
1846233
1850239
1846240
1856968
1846232
1851227
1846251
1849419
1846237
1846234
1847620
1846234
1848615
1846236
1850335
1846236
1848621
1846237
1847710
1846237
1849105
1847137
1846234
1847811
1846234
1847343
1846236
1856438
1847115
1852742
1847079
1847891
1847020
1849841
1846237
1846233
1877632
1846235
1860829
1847167
1859166
1847064
1858618
1846231
1855406
1846232
1849760
1846232
1848734
1846232
1846229
1847357
1846229
1849030
1846232
1848695
1846231
1848816
1846232
1850579
1846232
1847543
1846232
1846229
1848030
1846229
1849906
1846231
1848556
1846233
1848826
1846231
1849502
1846231
1849069
1846239
1846229
1847740
1846990
2001994
1846251
1860089
1847383
1847724
1847186
1850408
1847188
1848008
1846235
1846228
1847359
1846229
1849389
1847136
1849893
1847000
1847853
1846231
1850264
1846231
1847621
1846231
1847060
1847691
1846230
1849054
1846230
1847567
1846231
1848513
1847019
1934471
2061969
1849924
1846241
1847880
1846241
1849002
1859332
1846238
1856358
1857727
1857548
1846240
1850030
1846241
1847593
1846245
1847384
1847188
1849524
1846241
1846237
1847587
1846243
1889204
1847068
1849495
1848691
1847871
1846996
1847763
1847052
1849626
1847112
1846239
1847870
1852752
1847816
1847015
1849472
1846241
1847556
1846240
1847356
1846241
1850342
1846241
1846239
1847547
1846238
1847351
1847052
1850261
1846241
1849207
1846242
1848879
1846254
1860958
1846243
1846238
1856250
1846239
1849318
1846240
1850742
1846241
1851767
1846241
1849798
1846241
1849156
1847172
1846239
1847869
1846238
1847381
1846239
1849168
1847131
1848689
1847059
1847728
1846240
1850341
1846240
1846238
1847537
1846238
1847356
1847113
1849609
1847095
1847861
1846240
1848754
1846241
1849134
1846241
1847219
1847857
1846238
1848109
1846244
1850508
1847114
1848858
1846241
1848892
1846241
1849523
1847158
1846239
1847889
1846238
1847362
1846238
1850118
1846241
1847921
1847004
1847746
1846242
1849162
1846242
1846238
1848374
1846990
1847734
1846239
1849069
1846241
1847554
1847046
1847728
1847119
1849463
1846241
1848900
1846248
1846243
1847393
1846247
1849285
1847183
1847867
1847029
1847743
1846249
1849159
1850060
1847806
1846249
1846981
1847749
1846247
1849355
1846245
1847597
1846249
1848930
1846248
1851457
1846251
1847898
1847058
1846244
1847745
1846243
1849247
1846244
1848318
1846245
1856244
1848057
1849993
1846257
1847633
1846240
1846237
1848294
1846239
1849469
1846241
1847608
1846241
1848165
1847035
1849466
1847175
1847905
1846241
1847002
1847765
1846238
1859970
1846241
1851382
1847131
1847959
1847014
1855061
1846241
1849097
1846240
1846238
1848288
1847002
1850184
1846241
1847705
1846241
1857774
1846241
1850873
1846241
1849196
1846241
1846239
1848625
1846239
1849757
1846240
1847575
1846241
1848875
1846241
1850512
1847065
1847979
1846241
1846239
1847386
1846238
1850131
1849312
1848139
1846241
1847360
1846241
1849129
1847111
1847859
1847033
1846239
1847718
1846238
1850575
1846239
1847551
1846241
1847351
1847109
1849621
1847107
1847857
1846241
1846238
1847357
1846238
1855756
1848275
1856181
1846237
1847919
1846237
1849134
1846237
1853387
1848401
1847040
1847851
1846234
1849524
1847110
1847867
1846237
1847363
1846237
1850040
1846241
1847854
1847010
1847703
1846234
1846230
1849191
1846231
1848424
1846233
1849500
1846237
1849200
1846233
1848369
1847056
1847874
1847105
1846234
1849444
1846229
1858734
1846235
1850632
1846251
1851185
1847201
1858337
1846986
1856638
1848730
1847000
1858064
1846230
1848089
1847110
1847743
1846233
1849113
1846234
1847544
1847056
1848563
1846233
1846990
1853219
1846233
1855784
1847119
1859376
1846231
1860697
1846196
1879316
1846231
1849193
1846234
1855477
1846232
1846230
1847587
1846226
1848192
1846229
1863579
1846228
1861508
1846228
1852087
1847133
1849828
1847160
1846232
1847877
1846225
1848129
1846227
1849371
1846228
1847546
1847110
1847657
1867940
1850928
1846229
1846226
1847519
1846226
1847325
1847076
1849658
1846229
1858614
1846229
1853258
1846229
1850814
1846229
1849706
1846230
1846225
1847343
1847067
1849466
1846229
1847531
1846229
1848940
1846229
1850293
1846230
1847800
1846230
1846226
1847330
1846226
1849827
1846233
1852437
1846229
1856578
1846230
1849638
1847128
1847803
1846997
1846226
1848581
1846226
1850228
1846230
1847793
1846229
1847333
1846990
1849330
1850371
1848917
1846229
1847061
1850887
1846226
1849956
1847165
1847864
1846229
1847343
1846229
1848957
1846229
1849187
1846229
1846226
1848891
1846226
1849333
1847095
1847805
1846229
1847329
1846228
1849964
1846233
1847843
1846999
1846226
1849156
1846226
1852919
1846230
1848576
1846229
1847645
1846229
1849279
1846229
1847523
1847853
1846233
1848492
1846232
1849196
1846229
1847498
1847069
1847639
1846229
1849027
1847099
1852424
1846231
1852724
1857239
1846226
1849412
1846227
1847509
1846229
1848536
