9537687
2384
2301
2789
2312
2266
2257
2257
2258
2257
2257
2258
2257
2257
2258
2257
2257
2258
2258
2258
2740
2253
2258
2258
3345
3345
3345
3345
3345
3345
3345
3345
3345
3345
3345
3345
3956
3345
3345
3345
3346
3345
3345
3345
3345
3345
3345
3345
3345
3345
3344
3345
3868
3344
3345
3344
3345
3345
3345
3345
3345
3345
3345
3345
3345
3345
3345
3345
3345
3754
3345
3345
3345
3345
3345
3345
3345
3345
3345
3345
3345
3344
3345
3345
3345
3754
3345
3345
3345
3345
3345
3345
3345
3345
3345
3345
3345
3345
3344
3347
3345
3345
3754
3344
3344
3345
3344
3345
3345
3345
3345
3344
3345
3345
3345
3344
3345
3345
3753
3345
3345
3345
3345
3345
3345
3345
3345
3345
3345
3345
3345
3345
3345
3346
3752
3344
3345
3345
3345
3345
3344
3345
3345
3344
3345
3345
3345
3344
3345
3345
3345
3751
3345
3345
3345
3345
3345
3345
3345
3345
3345
3345
3345
3345
3345
3344
3345
3752
3345
3345
3345
3345
3345
3345
3345
3345
3345
3345
3345
3345
3344
3345
3345
3751
3345
3345
3345
3345
3345
3345
3345
3345
3345
3345
3345
3344
3345
3345
3344
3345
3752
3345
3345
3345
3345
3345
3344
3345
3345
3345
3345
3345
3345
3345
3345
3345
3752
3345
3344
3345
3345
3344
3345
3345
3345
3345
3345
3345
3345
3345
3345
3345
3345
3752
3345
3348
3344
3345
3345
3345
3345
3345
3348
3345
3345
3345
3344
3345
3345
3754
3345
3345
3345
3345
3345
3344
3345
3345
3345
3345
3345
3345
3345
3345
3345
3751
3345
3345
3345
3344
3345
3345
3344
3345
3345
3345
3345
3345
3345
3345
3345
3345
3752
3344
3345
3345
3345
3344
3345
3345
3345
3344
3345
3345
3344
3345
3345
3345
3751
3345
3345
3345
3345
3345
3345
3345
3345
3345
3345
3345
3345
3345
3345
3344
3345
3752
3344
3345
3345
3345
3344
3345
3345
3344
3345
3344
3345
3345
3345
3345
3345
3751
3344
3345
3344
3345
3345
3345
3344
3349
3345
3345
3345
3345
3345
3345
3345
3755
3345
3345
3344
3345
3345
3345
3344
3345
3347
3345
3347
3345
3345
3345
3345
3345
3754
3345
3346
3350
3345
3345
3346
3344
3345
3345
3345
3345
3344
3345
3345
3345
3755
3348
3345
3344
3345
3345
3345
3344
3345
25895
3348
3345
3345
3345
3344
3345
4110
3347
3346
3345
3345
3345
3345
3348
3349
3345
3344
3345
3345
3345
3347
3345
3344
3781
3345
3345
3345
3348
3346
3345
3346
3345
3345
3345
3345
3345
3344
3345
3345
3776
3345
3345
3345
3344
3345
3345
3345
3344
3345
3345
3344
3345
3350
3345
3345
3344
3776
3345
3345
3344
3345
3345
3345
3345
3345
3345
3345
3345
3345
3345
3345
3345
3770
3345
3345
3351
3345
3346
3345
3345
3345
3345
3345
3345
3345
3345
3344
3345
3773
3345
3345
3345
3347
3346
3347
3345
3345
3352
3345
3345
3353
3347
3344
3345
3351
3844
3345
3344
3345
3345
3345
3345
3345
3345
3345
3345
3345
3345
3346
3345
3345
3802
3345
3350
3352
3345
3345
3346
3351
3345
3345
3344
3345
3345
3345
3344
3345
3345
3750
3345
3345
3345
3345
3345
3345
3345
3345
3345
3345
3345
3345
3345
3345
3345
3749
3345
3345
3345
3345
3345
3345
3345
3345
3345
3344
3345
3345
3345
3345
3345
3746
3345
3345
3345
3344
3345
3349
3345
3345
3345
3345
3345
3345
3345
3345
3345
3345
3745
3345
3345
3347
3345
3344
3345
3345
3345
3345
3344
3345
3345
3348
3347
3345
3744
3349
3345
3345
3345
3344
3345
