6435790
48875
38784
37531
38478
37532
38499
37530
38278
37531
37526
38339
37530
38271
37537
42487
37531
38405
38592
38638
37683
38304
37531
38272
37545
38681
37530
24068
37563
22643
37696
23187
37548
24928
37545
27726
3319
3227
3227
3187
3340
4632
3327
3338
3337
3338
3338
3338
3338
3338
3338
3338
3337
3338
3338
3338
3338
3338
3733
3338
3338
3338
3338
3337
3337
3338
3338
3338
3338
3340
3338
3280
3338
3341
12902
3651
3650
3651
3650
3651
3651
3653
3654
3651
3650
3650
3650
3651
3651
3651
3651
4247
3650
3651
3651
3650
3651
3651
3650
3651
3651
3650
3651
3651
3651
3650
3651
4156
3650
3651
3650
3650
3653
3651
3650
3650
3650
3651
3651
3651
3651
3650
3650
4106
3651
3651
3650
3650
3652
3650
3651
3651
3651
3651
3651
3651
3651
3651
3651
3651
4067
3650
3650
3650
3651
3651
3651
3651
3651
3650
3650
3650
3651
3651
3651
3651
4065
3651
3651
3651
3651
3650
3651
3651
3651
3651
3651
3651
3651
3650
3651
3651
3650
4068
3650
3653
3651
3650
3651
3651
3650
3651
3651
3650
3653
3651
3651
3653
3650
4216
3651
3651
3650
3653
3650
3651
3651
3651
3650
3651
3651
3651
3653
3650
3651
4161
3654
3650
3653
3651
3650
3651
3651
3651
3651
3651
3651
3650
3650
3651
3651
3651
4065
3650
3651
3651
3650
3656
3651
3651
3651
3651
3650
3650
3650
3651
3651
3651
4065
3651
3651
3651
3651
3651
3650
3650
3651
3651
3651
3651
3651
3651
3650
3650
3650
4065
3650
3650
3650
3651
3651
3651
3651
3651
3651
3651
3651
3651
3651
3650
3650
4065
3651
3650
3650
3650
3651
3651
3651
3651
3650
3651
3651
3651
3651
3650
3650
3653
4204
3650
3650
3653
3651
3651
3651
3651
3650
3651
3651
3651
3651
3650
3650
3650
4066
3651
3650
3650
3650
3651
3651
3651
3651
3650
3650
3650
3651
3651
3651
3651
4065
3653
3650
3651
3651
3651
3651
3654
3661
3653
3651
3651
3651
3651
3651
3650
3650
4200
3651
3651
3650
3651
3651
3651
3651
3650
3650
3650
3651
3653
3651
3651
3651
4069
3651
3651
3651
3651
3650
3650
3651
3651
3650
4554
3650
3650
3653
3651
3650
3650
4223
3650
3651
3651
3653
3653
3651
3651
3653
3651
3651
3650
3650
3651
3651
3651
4069
3651
3651
3650
3651
3651
3651
3651
3651
3651
3651
3651
3651
3651
3650
3650
4069
3651
3650
3650
3650
3651
3651
3651
3653
3651
3651
3651
3650
3650
3651
3651
3651
4069
3651
3651
3651
3650
3650
3650
3651
3651
3653
3654
3651
3650
3651
3651
3651
4069
3651
3653
3651
3651
3651
3651
3650
3650
3650
3651
3651
3651
3651
3650
3650
3651
4067
3651
3651
3651
3650
3650
3651
3651
3650
3650
3650
3651
3651
3651
3651
3651
4065
3651
3651
3650
3650
3651
3654
3650
3650
3650
3651
3651
3651
3651
3651
3650
3651
4069
3651
3650
3651
3651
4359
3651
3651
3651
3651
3651
3651
3651
3651
3651
3650
4083
3650
3651
3651
3650
3651
3651
3651
3654
3650
3651
3650
3650
3651
3651
3651
4071
3650
3651
3651
3651
3651
3650
3651
3651
3650
3651
3651
3650
3651
3652
3651
3650
4089
3651
3651
3651
3650
3650
3653
3651
3651
3650
3650
3650
3651
3651
3651
3651
4077
3650
3651
3651
3651
3651
3650
3650
3650
3651
3651
3651
3651
3654
3651
3650
3651
4066
3651
3651
3651
3651
3650
3650
3650
3651
3651
3651
3651
3651
3650
3650
3650
4065
3650
3650
3650
3651
3651
3651
3651
3651
3650
3650
3650
3651
3651
3651
3651
4064
