6863328
2412
2300
2286
2262
2301
2301
2302
2300
2301
2301
2300
2301
2301
2881
2266
2259
2311
2311
2311
2311
2311
2312
2311
2311
2311
2311
2311
2312
2311
2751
2311
2311
2311
2312
2312
2312
2311
2311
2311
2312
2311
2312
2311
2311
2312
2312
2693
2312
2311
2311
2311
2311
2311
2311
2311
2311
2311
2311
2311
2311
2311
2311
2687
2311
2312
2311
2311
2311
2312
2311
2311
2311
2311
2312
2311
2311
2312
2312
2714
2311
2312
2311
2311
2312
2312
2311
2311
2312
2312
2311
2311
2312
2312
2311
2312
2678
2312
2311
2311
2311
2311
2314
2311
2311
2312
2311
2311
2311
2311
2311
2311
2697
2312
2311
2311
2311
2311
2311
2311
2311
2311
2311
2311
2311
2311
2311
2311
2717
2312
2312
2311
2311
2311
2312
2311
2312
2311
2311
2311
2311
2311
2311
2312
2311
2685
2312
2311
2311
2312
2312
2311
2311
2312
2312
2311
2311
2311
2311
2312
2312
2702
2312
2311
2311
2311
2312
2312
2311
2311
2312
2311
2311
2311
2314
2311
2314
2311
2669
2311
2312
2312
2314
2311
2312
2313
2312
2311
2311
2311
2312
2314
2312
2312
2688
2312
2311
2311
2312
2311
2311
2312
2311
2311
2311
2311
2314
2311
2312
2311
2714
2311
2312
2312
2311
2314
2311
2311
2312
2312
2311
2311
2312
2312
2311
2311
2312
2676
2311
2312
2311
2311
2311
2312
2311
2312
2311
2311
2311
2312
2312
2311
2311
2700
2312
2312
2311
2311
2311
2312
2311
2311
2311
2312
2313
2312
2311
2311
2311
2312
2662
2312
2312
2311
2313
2311
2311
2311
2311
2311
2312
2311
2311
2311
2311
2312
2686
2312
2312
2311
2311
2311
2312
2311
2314
2311
2311
2311
2312
2311
2311
2311
2706
2311
2311
2311
2312
2314
2312
2312
2312
2312
2311
2311
2311
2311
2312
2312
2312
2675
2311
2311
2312
2312
2311
2311
2312
2311
2311
2311
2311
2311
2311
2313
2311
2691
2314
2312
2311
2311
2311
2312
2312
2311
2311
2312
2311
2311
2311
2311
2312
2718
2311
2311
2312
2314
2312
2312
2311
2311
2311
2312
2311
2311
2312
2311
2311
2311
2721
2311
2314
2311
2312
2311
2311
2312
2311
2311
2311
2311
2312
2311
2311
2312
2705
2311
2312
2312
2311
2314
2311
2311
2312
2312
2311
2311
2312
2312
2314
2312
2311
2665
2311
2312
2311
2311
2312
2312
2311
2311
2311
2314
2311
2311
2311
2314
2311
2691
2311
2312
2312
2311
2311
2312
2312
2311
2311
2312
2312
2311
2311
2312
2312
2710
2311
2311
2311
2311
2311
2311
2311
2312
2311
2311
2312
2311
2311
2311
2312
2312
2677
2311
2312
2311
2311
2312
2312
2311
2311
2312
2312
2311
2311
2311
2311
2311
2699
2311
2312
2312
2311
2311
2312
2311
2311
2312
2312
2311
2311
2311
2312
2311
2311
2664
2311
2311
2312
2312
2311
2311
2311
2311
2311
2311
2311
2311
2311
2311
2312
2686
2312
2311
2312
2311
2311
2311
2312
2311
2311
2311
2311
2311
2312
2311
2311
2708
2311
2311
2312
2311
2311
2311
2312
2311
2311
2311
2312
2312
2311
2311
2312
2312
2679
2312
2311
2311
2311
2311
2311
2311
2311
2312
2311
2311
2311
2312
2311
2311
2702
2311
2311
2312
2311
2311
2311
2312
2311
2311
2311
2311
2311
2311
2311
2311
2725
2311
2311
2311
2314
2311
2311
2312
2311
2311
2311
2312
2311
2311
2311
2312
2311
2689
2311
2312
2311
2311
2311
2312
2311
2311
2311
2312
2311
2312
2312
2311
2311
2710
2311
2311
2311
2311
2312
2312
2311
2311
2311
2312
2311
2311
