3324179
37859
38414
37802
38383
37799
38419
37798
38385
37798
38386
49788
38797
37798
38380
37799
38446
37799
38423
37798
38397
37798
38394
37798
38886
38268
38267
38872
38267
38865
38268
38868
38268
38908
38268
38865
38267
38865
38268
38860
38267
38864
38267
38864
38267
38994
38267
38956
38267
38902
38267
38880
38267
38874
38267
38882
38267
38880
38267
38882
38266
38880
38267
38880
38269
38267
38882
38269
38895
38267
38882
38567
38933
38752
37958
38682
37685
38597
37649
38373
37649
38378
37649
38368
37649
38458
37790
44191
37649
37649
38480
37649
38394
37649
38386
37649
38384
37649
38469
37649
38475
37649
38383
37648
38911
38633
38135
37342
38059
32335
47334
28454
20019
28311
22041
28240
21792
28345
23053
28229
24339
28224
25648
28227
26923
28277
29214
3291
3213
3202
3185
3332
3333
3333
3333
3333
3333
3332
3333
6250
3342
3332
3332
3332
3344
3333
3335
3333
3333
3333
3332
3332
3332
3333
3332
25815
3334
3265
3335
3453
3290
3293
3295
3333
3333
3333
3332
3333
3332
3313
3299
3296
3959
3323
3333
3333
3333
3332
3333
3333
3333
4763
3316
3303
3340
3333
3333
3333
3865
3273
3281
3332
3332
3333
3333
3333
3333
3333
3333
3333
3333
3333
3334
3334
3755
3333
3334
3333
3333
3333
3333
3333
3335
3332
3333
3333
3333
3333
3333
3333
3333
3749
3307
3332
3334
3332
3333
3333
3332
3333
3333
3332
3332
3335
3333
3333
3332
3753
3332
3332
3332
3333
3333
3332
3333
3333
3333
3333
3333
3332
3333
3333
3332
3333
3755
3332
3333
3333
3333
3333
3334
3333
3324
3333
3332
3333
3333
3333
3333
3336
3752
3332
3332
3333
3333
3333
3332
3332
3333
3333
3333
3333
3333
3334
3332
3333
3332
3750
3333
3332
3332
3335
3335
3332
3336
3333
3333
3333
3332
3333
3333
3333
3333
3746
3333
3332
3334
3332
3332
3333
3334
3332
3333
3332
3332
3333
3333
3332
3333
3745
3335
3332
3333
3333
3333
3332
3332
3333
3332
3332
3333
3332
3332
3333
3332
3332
3745
3333
3333
3332
3332
3333
3332
3333
3333
3332
3333
3333
3332
3333
3333
3333
3748
3333
3333
3332
3332
3333
3332
3333
3333
3332
3333
3333
3333
3332
3332
3333
3332
3746
3333
3333
3333
3332
3332
3333
3332
3332
3300
3333
3335
3332
3333
3333
3290
3749
3333
3333
3333
3332
3333
3333
3332
3333
3333
3332
3333
3333
3332
3333
3333
3746
3333
3333
3332
3333
3333
3332
3333
3333
3332
3333
3332
3333
3333
3332
3333
3333
3746
3333
3332
3333
3332
3332
3335
3333
3332
3333
3333
3332
3333
3333
3333
3333
3749
3333
3333
3334
3333
3332
3332
3335
3333
3332
3335
3332
3332
3333
3332
3332
3333
3751
3333
3333
3333
3332
3332
3333
3333
3336
3333
3333
3333
3332
3333
3333
3332
3747
3333
3333
3333
3332
3333
3333
3332
3333
3333
3332
3333
3333
3332
3333
3333
3333
3746
3333
3332
3333
3335
3335
3333
3333
3332
3333
3332
3333
3333
3332
3333
3333
3778
3333
3333
3333
3335
3335
3333
3333
3333
3333
3333
3333
3333
3332
3333
3333
3781
3335
3333
3333
3333
3333
3333
3333
3335
3334
3332
3333
3332
3333
3333
3332
3332
3707
3332
3332
3333
3333
3332
3333
3333
3333
3332
3332
3333
3332
3332
3333
3333
3745
3332
3333
3333
3332
3333
3333
3332
3333
3333
3332
3333
3332
3332
3333
3332
3333
3752
3332
3333
3332
3332
3333
3332
3335
3333
3333
3333
3333
3332
3333
3333
3333
3744
3332
3333
3333
3332
3333
3333
3332
3333
3335
3332
3333
3332
3332
3333
3332
3745
3332
