3830781
617359
558632
569251
558013
558008
557958
558287
558118
407034
306154
314933
304580
302203
302646
302107
301979
301742
301823
301886
301972
123405
123383
122604
122296
122296
122296
122296
122296
122296
133433
122298
122296
122296
122296
122296
122296
122296
122296
122295
122296
122296
122296
130337
122297
122296
122296
122296
122296
122296
122296
122296
122297
122296
122296
122297
122296
122296
122296
122296
122296
122296
133529
125753
122296
122296
122297
122296
122296
122296
122296
122299
122296
122296
122296
122296
122296
123158
122296
122298
122296
122296
122296
122296
122296
122296
122296
122295
122296
122296
122297
122296
122296
122296
122296
133788
122300
122297
122296
122296
122296
122295
122296
122296
122296
122296
122296
122296
122295
122296
122296
122296
122296
122296
122296
122296
122296
122296
122296
122295
122296
122296
122296
122296
122296
122296
122296
130859
124820
122296
122296
122296
122296
122296
122296
122295
122296
122296
122296
122296
122296
122296
122296
122296
122296
122296
122296
122296
122296
122296
122297
122296
122296
122295
122296
122296
122296
122296
122296
122296
135076
122299
122296
122296
122296
122296
122296
122295
122296
122296
122296
122296
122296
122296
122296
122296
122296
122295
122296
122296
122297
122296
122296
122296
122296
122296
122297
122296
122296
122296
122296
130036
122296
126684
122296
122296
122296
122296
122296
122295
122296
122296
122296
122296
122296
122296
122296
122296
122296
123237
122299
122296
122296
122296
122295
122296
122296
122295
122296
122296
122296
122296
122296
122296
122296
124149
122299
122296
122296
122296
122296
122296
122296
122296
122296
122296
122297
122296
122296
122297
122296
122296
122297
122295
122297
122296
122296
122296
123516
122296
122296
122296
122296
122296
122296
122295
122296
122296
124013
122298
122296
122296
122296
122296
122295
122296
122296
122296
122296
122296
122296
122296
122296
122296
122296
122296
122297
122296
122296
122296
122296
122296
122295
122296
122296
122296
122295
122296
122296
122295
135560
122300
122296
122296
122295
122296
122296
122296
122296
122296
122297
122296
122296
122296
122296
122296
122295
122296
122296
122296
122296
122296
122296
122297
122296
122296
122297
123242
122302
122296
122296
122296
122296
132128
122300
122297
122296
122296
122296
122296
122296
122296
122297
122296
122296
122296
122296
122296
122296
122295
122295
122296
122296
122296
122296
122296
122296
122296
123171
122297
122299
122296
122296
122296
122296
124081
122298
122296
122297
122296
122296
122296
122296
122296
122296
122296
122296
122296
122296
122296
122296
122296
122295
122296
122296
122296
122296
122296
122296
122297
122296
122296
122296
122295
122296
122296
122296
122297
125322
122298
122296
122296
122296
122296
122296
122296
122296
122296
122296
122296
122296
122296
122296
122296
122296
122296
122296
122296
122296
122296
122296
122296
122296
122296
122296
122296
122296
122296
122295
122296
122296
123666
122296
122297
122296
122296
122297
122296
122296
122296
122296
122296
122296
122296
122296
122296
122296
122295
122296
122296
122296
122296
122296
122296
122296
122296
122296
122296
122295
122296
122296
122296
122296
124736
122304
122296
122296
122296
122296
122296
122296
122296
122296
122296
122296
122296
122295
122296
122296
122296
122296
122296
122296
122296
122296
122296
122295
122296
122296
122296
123076
122308
122296
122296
122299
122296
131158
122300
122296
122296
122296
122296
122296
122296
122297
122296
122296
122296
122296
122296
122296
122296
122296
122296
122296
122296
122296
122296
122296
122296
122296
122296
122296
122296
122296
122296
122296
122296
131557
122326
122296
122297
122296
122296
122296
122297
122296
122296
122297
122296
122296
122296
122297
122296
122296
122296
122296
122296
122296
122296
122295
122296
122296
122296
122296
122296
122296
122296
122296
122296
122296
135354
122308
122295
122296
122296
122296
122296
122296
122296
122296
122296
122296
122296
122296
122296
122296
122295
122296
122296
122296
122296
122296
122296
122296
122295
122296
122296
122296
122296
122296
122296
122295
122296
133554
122297
122296
122296
122295
122296
122296
122296
122296
122296
122296
122296
122296
122296
122296
122296
