16388089
12797
12772
13752
12732
12754
12755
13446
12754
12754
12754
13414
13048
12755
12755
13392
13048
12754
12755
13236
13048
12755
12754
13231
13048
12754
12755
13341
13054
12754
21108
14588
13839
13833
13834
14272
13842
13834
13833
14277
13839
13833
13833
14282
13844
13834
13833
13833
14293
13833
13833
13834
14302
13834
13833
13833
14290
13835
13833
13833
14288
13838
13833
13833
14285
13838
13833
13833
14303
13839
13833
13833
14288
13843
13833
13834
14278
13841
13833
13833
14279
13842
13833
13833
14291
13843
13833
13833
13833
14296
13833
13834
13833
14294
13833
13833
13843
14287
13834
13833
13834
14371
13838
13834
13833
14408
13840
13925
13835
14555
13839
15404
13833
14282
13840
13835
13835
14275
13844
13834
13836
14279
13841
13835
13833
14282
13846
13836
13835
13833
14291
13833
13833
13833
14294
13833
13833
13834
14291
13834
13833
13836
14286
13835
13836
13833
14285
13838
13833
13834
14285
13838
13833
13834
14279
13843
13833
13833
14278
13843
13833
13834
14278
13845
13834
13833
14276
13849
13834
13833
13833
14277
13833
13833
13833
14293
13833
13838
13833
14293
13833
13833
13833
14289
13838
13833
13833
14287
13838
13833
13833
14287
13839
13833
13834
14282
13843
13834
13833
14281
13843
13833
13833
14279
13845
13833
13833
14278
13839
13833
13833
13833
14288
13833
13833
13833
14291
13833
13833
13833
14288
13833
13833
13834
14289
13835
13833
13833
14287
13839
13833
13834
14283
13839
13833
13833
14291
13841
13833
13836
14280
13845
13833
13833
14280
13843
13833
13834
14279
13843
13833
13833
14277
13846
13836
13833
13833
14288
13835
13833
13833
14291
13834
13833
13833
14285
13837
13833
13834
14284
13839
13833
13833
14282
13838
13833
13833
14306
13843
13833
13834
14277
13845
13833
13836
14278
13843
13833
13833
14284
13843
13836
13833
14328
13845
13833
13833
13833
14287
13833
13834
13833
14286
13833
13833
13833
14294
13833
13833
13833
16199
13838
13833
13833
14341
13839
13834
13833
14283
13838
13833
13833
14280
13846
13833
13833
14277
13843
13833
13833
14276
13843
13833
13833
14277
13845
13833
13834
13833
14287
13834
13833
13833
14287
13834
13833
13833
14289
13834
13834
13833
14284
13839
13833
13833
14282
13838
13833
13833
14283
13838
13833
13833
14277
13845
13833
13833
14278
13845
13833
13833
14277
13845
13833
13834
14279
13843
13833
13833
13833
14287
13833
13833
13833
14285
13833
13833
13833
14287
13834
13833
13833
14283
13838
13833
13833
14283
13834
13834
13833
14371
13838
13833
13835
14355
13840
13833
13833
14277
13840
13834
13835
14515
13843
13833
13836
25924
13845
13835
13837
13833
14437
13833
13833
13833
14306
13833
13833
13833
14303
13834
13833
13833
14344
13837
13833
13834
14337
13840
13833
13833
14297
13838
13833
13833
14351
13842
13833
13836
14294
13845
13833
13833
14291
13845
13833
13834
14297
13844
13833
13833
14333
13844
13833
13836
13834
14300
13839
13834
13833
14304
13833
13833
13833
14300
13834
13834
13833
14301
13839
13833
13833
14298
13838
13833
13833
14314
13839
13833
13840
14383
13845
13833
13833
14374
13840
13833
13834
14610
13841
13833
15329
14291
13846
13836
13834
13833
14288
13841
13834
13833
14301
13834
13833
13833
14301
13833
13834
13833
14291
13838
13835
13834
14282
13835
13834
13833
14281
13834
13834
13834
14289
13845
13834
13833
14286
13845
13833
13833
14285
13844
13833
13833
14313
13842
13833
13834
13833
14293
13833
13833
13833
14303
13833
13833
13833
14293
13834
13833
13833
14295
13838
13833
13834
14294
13838
13833
13834
14295
13839
13833
13833
14289
13845
13833
13833
14286
13843
13834
13833
14279
13841
13833
13833
14278
13841
13833
13833
13833
14286
18203
13835
13834
14459
13833
13834
13833
14306
13834
13833
