16771215
8471317
5086268
1849561
1853767
1856802
1851155
1850888
1852995
1849174
1850648
1849173
1849170
1850360
1849173
1861022
1849182
1851760
1849175
1851707
1851146
1852916
1849176
1850501
1849177
1850089
1850633
1849177
1852184
1861632
1851274
1849168
1851161
1849179
1853310
1849173
1850476
1849172
1849169
1850422
1849172
1852048
1849172
1854647
1849175
1851396
1849970
1853727
1856762
1850827
1849176
1850255
1850099
1849173
1852541
1849173
1850449
1849173
1850296
1850029
1853230
1849178
1852332
1849177
1878709
1849178
1849174
1864887
1849173
1851181
1850101
1850728
1849173
1853265
1850083
1850772
1849176
1850309
1850012
1849177
1852350
1849173
1850454
1849173
1850607
1849173
1852798
1849184
1851569
1849177
1850275
1849178
1849173
1851957
1849175
1850493
1849185
1851710
1849174
1852119
1850004
1854186
1849178
1850797
1849177
1849174
1858476
1849176
1850869
1849173
1850297
1849173
1852020
1850080
1850761
1850000
1850603
1849177
1851894
1850060
1849173
1850753
1849173
1850260
1849953
1852225
1849172
1851793
1849175
1851440
1849177
1852007
1849177
1850099
1850885
1849173
1850259
1849173
1851951
1849172
1861407
1850149
1855665
1849210
1863818
1849177
1849173
1858300
1849173
1859151
1849175
1855265
1849174
1861860
1850102
1858961
1850029
1852800
1849173
1850113
1851193
1849169
1850765
1849169
1852021
1849169
1850509
1850004
1860930
1850815
1857421
1849180
1851062
1849178
1849174
1851681
1849176
1852015
1850127
1850765
1849173
1852013
1849175
1854131
1849178
1850490
1849176
1850043
1850632
1849173
1851916
1849173
1850486
1849173
1850275
1850024
1853066
1849177
1850476
1849176
1849172
1850274
1849173
1851821
1849173
1851337
1849175
1850630
1849981
1852234
1850180
1850772
1849176
1849173
1851121
1849175
1852372
1849173
1850489
1849172
1850267
1850005
1853237
1849181
1850767
1849177
1850305
1849176
1849173
1851880
1849173
1850481
1850015
1850637
1849173
1853110
1849179
1851652
1849179
1850288
1850007
1849185
1852380
1849172
1850489
1849173
1850271
1849173
1851849
1850043
1851962
1849177
1851584
1849184
1854560
1852531
1849169
1850486
1849168
1851801
1849170
1862577
1850102
1850824
1849956
1850631
1849172
1849168
1852911
1849170
1852025
1849174
1850624
1849169
1852007
1854636
1850767
1850042
1850613
1849173
1849169
1851832
1849169
1851499
1849168
1850328
1850040
1852322
1849169
1851762
1849174
1851574
1849172
1851982
1849175
1850078
1850803
1849168
1850261
1849169
1851996
1849168
1850470
1850752
1850618
1849172
1851832
1849173
1849169
1850465
1849169
1850268
1849169
1853526
1849169
1888109
1849970
1850669
1851041
1852620
1849172
1849168
1852888
1850173
1850657
1849168
1851998
1849169
1850489
1849993
1850650
1850023
1852195
1849172
1849168
1850470
1849171
1850270
1849169
1938158
1871154
1883258
1870250
1912715
1865343
1872172
1854888
1850868
1849174
1849983
1892750
1852081
1852467
1849173
1891785
1853277
1851228
1849181
1856218
1849181
1851451
1849173
1850307
1886128
1849169
1856546
1850015
1858737
1849169
1850819
1850002
1852400
1850094
1851651
1870794
1851144
1849965
1849170
1852628
1849176
1850449
1849172
1850262
1880623
1853805
1849177
1853936
1862933
1850942
1850008
1853563
1849176
1849169
1851200
1849998
1850888
1849168
1852807
1849172
1851627
1849176
1850614
1849973
1852477
1849173
1849168
1850470
1849168
1850289
1849168
1852658
1849178
1851788
1849172
1850272
1849176
1851983
1849172
1850043
1850772
1849168
1851916
1849169
1852144
1850754
1850804
1850035
1850653
1849176
1853687
1849181
1849173
1850864
1849173
1850304
1849172
1851873
1850033
1850778
1878158
1854581
1849178
1852717
1849176
1850503
1849176
1849173
1851184
1849180
1852374
1849172
1851652
1849173
1851360
1849976
1852548
1851586
1854544
1849695
1859432
1849184
1849169
1861969
1849164
1864532
1850020
1850860
1849194
1852356
1849164
1850525
1849169
1850291
1849169
1849165
1853927
1849166
1850768
1849988
1850606
1850020
1852485
1849165
1851348
1849173
1850630
1849168
1849164
1851905
1849165
1850457
1849993
1850621
1882210
1862475
1849165
1851178
1849169
1853661
1849169
1852450
1850306
1849174
1850887
1849164
1851490
1849165
1852025
1850151
1850815
1850005
1851867
1849168
1852055
1849168
1849164
1851087
1849164
1851232
1849984
1852195
1849165
1850500
1849165
1851121
1849176
1852130
1849168
1850027
1850801
1849164
1850287
1849963
1852176
1849165
1851780
1849167
1851123
1849178
1852221
1849167
1849164
1850722
1849163
1850305
1850091
1853486
1849170
1850781
1849164
1850275
1849168
1851858
1849168
1849165
1850450
1849994
1851412
1849165
1853068
1849163
1850465
1850041
1850641
1849939
1852191
1849167
1850476
1849167
1849164
1850284
1849163
1852651
1867889
1856328
1849171
1850813
1849169
1852125
1849171
1850483
1849171
1850018
1851033
1849168
1852814
1850026
1850921
1850012
1851396
1849168
1853391
1849171
1850867
1849171
1849168
1850298
1849168
1851792
1850038
