29569006
8981
8886
9522
8988
8842
8850
9441
8931
8853
8848
83494
13250
13207
13207
44975
14475
14466
14460
38010
14481
14466
14459
32475
14480
14465
14460
27165
14480
14520
14490
14925
73212
13244
13214
13209
14109
13208
13208
13208
13734
13208
13208
13208
13658
13211
13208
13208
13660
13208
13209
13208
13655
13208
13208
13208
13208
13657
13208
13208
13208
13653
13208
13209
13208
13660
13211
13208
13209
13651
13213
13208
13208
13663
13208
13208
13208
13653
13208
13208
13208
13679
13208
13208
13208
13652
13209
13208
13208
13659
13208
13209
13208
13651
13208
13209
13213
13208
13659
13208
13208
13208
13662
13208
13208
13209
13652
13208
13208
13208
13661
13209
13209
13208
13651
13208
13208
13208
13661
13208
13208
13208
13652
13210
13208
13208
13659
13208
13211
13208
13652
13208
13209
13208
13658
13208
13209
13208
13652
13208
13208
13208
13209
13657
13209
13208
13208
13655
13208
13208
13208
13660
13208
13208
13208
13653
13208
13208
13209
13657
13208
13208
13208
13653
13208
13208
13208
13700
13209
13209
13208
13657
13208
13208
13208
13663
13209
13208
13208
13652
13208
13209
13209
13208
13657
13208
13208
13212
13655
13208
13208
13208
13656
13212
13208
13208
13653
13208
13209
13209
13656
13208
13208
13208
13652
13209
13209
13208
13657
13208
13208
27943
16177
13208
13208
13208
13700
13208
13208
13208
13663
13208
13208
13211
13692
13219
13215
13210
13209
13732
13209
13208
13208
13737
13208
13208
13208
13910
1479
1353
1340
1351
1351
1351
1351
1351
1351
1351
1351
1352
1358
1351
1356
1352
1351
1351
1352
1351
1351
1354
1351
1352
1351
1351
1351
1351
1352
1351
1352
1351
1352
1351
1356
1350
1353
1351
1352
1352
1351
1351
1351
1351
1352
1351
1352
1354
1351
1351
1352
1352
1351
1352
1354
1354
1352
1351
1352
1351
1353
1351
1352
1351
1351
1351
1351
1351
1350
1352
1351
1351
1351
1351
1352
1352
1351
1350
1351
1351
1351
1351
1351
1351
1350
1351
1351
1351
1351
1351
1351
1351
1352
1351
1351
1351
1352
1350
1351
1350
1352
1351
1352
1351
1351
1351
1351
1351
1352
1351
1352
1351
1351
1351
1351
1351
1351
1351
1351
1351
1351
1352
1351
1352
1351
1352
1351
1351
1350
1351
1351
1351
1350
1351
1352
1351
1352
1351
1354
1351
1351
1353
1352
1352
1351
1351
1351
1350
1351
1356
1351
1350
1351
1352
1351
1351
1351
1351
1354
1351
1351
1351
1352
1351
1352
1354
1351
1350
1351
1352
1351
1352
1353
1350
1352
1354
1352
1351
1325
1351
1351
1351
1352
1351
1352
1351
1352
1351
1351
1351
1351
1351
1351
1351
1356
1354
1350
1351
1351
1352
1351
1351
1354
1352
1351
1352
1353
1351
1350
1351
1352
1351
1352
1351
1351
1354
1352
1351
1352
1351
1351
1351
1351
1351
1351
1351
1352
1351
1352
1351
1352
1351
1351
1350
1351
1351
1352
1351
1352
1351
1352
1353
1351
1351
1351
1351
1350
1351
1351
1352
1351
1352
1351
1352
1351
1351
1352
1351
1351
1351
1352
1351
1352
1351
1351
1350
1351
1351
1352
1351
1352
1351
1350
1351
1352
1351
1352
1351
1352
1351
1351
1373
1351
1351
1351
1351
1351
1351
1351
1351
1352
1351
1351
1351
1352
1351
1352
1351
1351
1352
1351
1351
1351
1352
1351
1350
1358
1351
1350
1351
1352
1350
1352
1351
1351
1351
1351
1351
1351
1351
1351
1352
1351
1351
1351
1351
1351
1351
1351
1351
1352
1351
1351
1351
1351
1351
1352
1350
1351
1354
1351
1351
1351
1351
1351
1352
1351
1352
1351
1351
1354
1351
1351
1352
1351
1351
1352
1351
1351
1354
1351
1351
