55464
40227
37850
38537
37822
37823
38431
37822
38473
37821
38415
37821
38425
37821
38430
37821
38431
37821
38429
52612
42045
37822
38518
37821
38435
37821
38533
37822
38527
37822
38662
37821
38428
37822
38429
37821
38421
37822
38431
37821
38420
37823
38472
37821
37820
38441
37822
38465
37819
38428
37819
38429
37821
38466
37819
38469
37819
38428
37819
38427
37818
38423
37820
38423
37819
38425
37819
38466
37819
38465
37820
38423
37819
38426
37820
38423
37820
38468
37820
38470
37819
38416
37819
37819
38470
37823
38468
37819
38429
37820
38419
37822
38432
37819
38426
37819
38423
37819
38430
37819
38428
37819
53693
41348
38807
37819
38436
37821
38433
37866
38433
37823
38416
37822
1003562
37881
38466
37816
38656
37815
38634
37815
38416
37831
37815
38656
37817
38469
37819
38627
37815
38475
37815
38425
37815
38643
37815
38610
37815
44630
37834
39351
37613
38293
37217
38094
37387
3277
3201
3271
3181
3333
3333
3333
3333
3335
3332
5144
3337
3332
3332
3332
3333
3332
3332
3332
3332
3332
3333
3333
3333
3333
3332
3338
3786
3333
3333
3333
3333
3332
3332
3332
3332
3333
3333
3333
3333
3333
3333
3333
3785
3333
3333
3333
3333
3333
3333
3333
3333
3332
3333
3333
3333
3333
3333
3333
3334
3680
3333
3333
3333
3333
3333
3332
3333
3333
3333
3333
3333
3333
3333
3333
3333
14194
3334
3333
3333
3333
3338
3333
3333
3333
3332
3332
3332
3332
3333
3333
3333
3846
3337
3333
3333
3332
3333
3333
3333
3333
3332
3333
3333
3334
3333
3333
3333
3333
3776
3333
3333
3333
3332
3332
3333
3332
3333
3332
3332
3332
3332
3311
3332
3333
3894
3314
3327
3333
3333
3334
3327
3333
3333
3333
3333
3333
3333
3333
3333
3333
3333
3755
3333
3332
3332
3332
3333
3332
3332
3332
3333
3333
3333
3333
3333
3338
3333
3735
3332
3332
3333
3334
3333
3333
3333
3333
3333
3333
3333
3335
3332
3333
3333
3333
3641
3339
3333
3333
3333
3332
3333
3333
3333
3333
3333
3333
3336
3333
3335
3332
3705
3333
3333
3333
3333
3334
3333
3333
3333
3333
3333
3333
3333
3333
3332
3333
3724
3337
3333
3333
3333
3333
3333
3332
3335
3333
3333
3333
3333
3333
3333
3332
3333
3679
3333
3333
3332
3335
3333
3333
3336
3333
3333
3333
3333
3333
3333
3333
3333
3743
3333
3332
3332
3333
3333
3333
3333
3333
3333
3333
3333
3334
3333
3333
3336
3333
3653
3335
3333
3333
3333
3333
3333
3333
3333
3333
3333
3334
3333
3333
3333
3333
3718
3333
3333
3333
3336
3333
3333
3333
3333
3333
3333
3333
3333
3332
3332
3332
3742
3339
3332
3333
3333
3333
3333
3333
3333
3333
3333
3333
3335
3333
3333
3333
3316
3738
3333
3332
3332
3332
3332
3332
3332
3333
3332
3335
3333
3333
3333
3332
3332
3712
3340
3333
3333
3333
3333
3332
3334
3333
3334
3332
3333
3333
3333
3333
3333
3334
3666
3333
3332
3332
3332
3333
3333
3333
3333
3333
3333
3332
3333
3333
3333
11927
4928
3334
3333
3333
3333
3334
3332
3333
3333
3333
3333
3333
3337
3332
3333
3333
3333
3635
3333
3333
3333
3333
3333
3333
3333
3333
3333
3333
3333
3333
3333
3333
3334
3707
3332
3333
3333
3332
3332
3333
3333
3339
3336
3335
3333
3333
3333
3333
3332
3749
3338
3333
3333
3333
3336
3333
3333
3333
3333
3336
3333
3333
3333
3333
3334
3333
3680
3333
3332
3334
3333
3333
3332
3332
3333
3333
3332
3333
3333
3332
3332
3333
3742
3333
3333
3333
3333
3334
3333
3333
3333
3333
3333
3333
3333
3333
3333
3333
