4583466
4518570
4491080
4495300
4488966
4482034
120303
105961
104073
103381
103279
103270
103263
103260
103274
103264
103270
103263
103271
103263
103273
103264
103273
103269
103360
103327
103286
103276
103282
103274
103283
103275
103283
110009
103553
56259
55937
55545
54931
54923
54905
54905
54905
54906
54906
54906
54906
54906
54905
54906
54905
54906
54906
54905
54906
54905
54905
54905
54906
54905
54906
54906
54905
54906
54906
54905
54906
54906
54906
54905
54906
54905
54906
54906
54905
54906
54905
54905
54905
54906
54906
54906
54906
54905
54906
54906
54905
54906
54905
54905
54905
54906
54905
54906
54906
54905
54906
54905
54905
54906
54906
54906
54906
54906
56919
54906
54905
54905
54905
54906
54905
54905
54905
54905
54905
54906
54905
54905
54905
54906
54905
54905
54905
54905
54905
54905
54905
54905
54905
54905
54906
54905
54905
54905
54906
54905
54905
54905
54905
54905
54905
54905
54905
54905
54905
54906
54905
54905
54905
54906
54905
54905
54905
54906
54905
54905
54905
54905
54905
54905
54905
54905
54905
54905
54906
54905
54905
54905
54906
54905
54905
54905
54906
54905
54905
54905
56089
54906
54906
54905
54906
54905
54905
54905
54905
54905
54905
54905
54905
54905
54905
54905
54905
54905
54905
54905
54905
54905
54905
54905
54905
54905
54906
54905
54905
54905
54906
54905
54905
54905
62978
54906
54905
54905
54905
54905
54905
54905
54905
54905
54905
54905
54905
54906
54905
54905
54905
54905
54905
54905
54905
54905
54905
54906
54905
54906
54905
54906
54905
54905
54905
54905
54905
54905
54905
54905
54905
54905
101244
54920
54905
54905
54906
54905
54905
54905
54905
54905
54905
54907
54905
54906
54905
54906
54905
54906
54905
54905
54905
54905
54906
54905
54905
54905
54906
54905
54905
54905
62611
54912
54905
54905
54905
54905
54905
54905
54906
54905
54905
54905
54906
54905
54905
54905
54906
54905
54905
54905
54905
54905
54905
61916
54928
54905
54905
54905
54905
54905
54905
54905
54906
54905
54905
54905
54905
54905
54905
54905
54905
54905
56916
54906
54905
54905
54905
54906
54905
54905
54905
54906
54905
54905
54905
54906
54905
55740
54925
54906
54906
54905
54905
54906
54905
54905
54906
54909
147914
54955
54908
54909
54907
54907
54907
54907
54907
54909
54906
54907
54906
54906
54907
54907
54906
54906
54907
228708
55023
55185
54903
54900
54901
54900
54900
54901
54900
54900
54900
54900
54900
54901
54901
54901
54901
54901
54901
54900
54901
57808
55130
55130
55129
55130
55130
55129
55130
55130
55130
55130
55130
55130
55129
55130
55130
55129
55130
55130
55130
55130
55130
55130
55129
55130
55130
55129
55130
55130
55129
55131
55130
55130
55129
55130
55130
55129
55130
55130
55130
55130
55129
55130
55130
55129
55130
55131
55130
55130
55130
55130
55129
55130
55130
55130
55131
55130
55130
55130
55130
55130
55130
55129
55130
55130
55130
55130
55130
55130
55129
55131
55130
55129
59208
55130
55131
55130
55129
55130
55130
55130
55130
55129
61055
55135
55130
55135
55130
55130
55130
55130
55129
55130
55130
55130
55130
55129
55130
55130
55130
55130
55129
55130
55130
55896
55145
55129
55130
55130
55130
55130
55134
55130
55130
55130
55130
55129
55130
55130
55130
55130
55129
55130
55130
55130
55130
55129
55130
55130
55130
55130
55129
55130
55130
55130
55130
55129
55130
55130
55130
55130
55129
90404
55130
61080
54910
54905
54906
54905
54906
54906
54906
54906
54906
54906
54905
54907
54905
54905
54905
54906
54905
60637
54909
54930
54943
54911
57495
54906
54905
54905
54905
54906
54905
54905
54906
54905
54906
54905
54905
54905
54906
54905
54906
54905
54906
54905
54905
54905
54906
54905
54906
54906
54905
54906
54905
54905
54905
54906
54906
54905
54905
54906
54906
54906
54905
54906
54905
54906
54906
54905
54906
54905
