16106635
4799501
8810611
1902899
1900342
1903945
1899820
1903799
1899815
1901221
1899815
1900998
1899818
1903265
1899819
1901427
1899822
1899812
1905721
1899815
1902919
1899815
1904679
1899815
1901893
1899815
1902933
1899815
1901126
1899815
1901289
1899821
1903125
1899819
1901172
1899819
1900903
1899819
1899811
1916783
1899818
1913892
1899818
1905150
1899816
1903416
1899816
1901517
1899822
1901408
1899815
1903251
1899816
1901127
1899819
1900950
1899825
1899827
1910100
1899815
1901654
1899816
1900929
1899815
1902702
1899816
1901547
1899816
1900914
1899825
1903173
1899816
1901113
1899839
1901273
1899828
1902991
1899820
1899813
1901110
1899816
1900929
1899823
1902994
1899819
1902969
1899816
1900972
1899816
1902620
1899834
1901385
1899844
1901210
1899820
1902659
1899830
1901656
1899820
1899813
1901595
1899821
1903150
1899816
1901119
1899815
1952123
1899847
1920930
1907370
1915211
1905032
1901599
1900803
1903591
1899819
1901224
1906511
1901811
1899822
1899814
1905368
1899828
1901673
1899822
1900991
1899831
1904353
1899818
1901545
1936757
1900946
1899815
1902625
1899816
1901397
1899825
1901206
1899819
1902625
1899821
1899813
1901179
1899815
1900973
1899816
1902966
1899815
1901509
1899815
1901203
1899816
1903161
1899820
1901421
1899819
1900914
1899819
1902715
1900637
1899812
1901164
1899821
1901565
1899815
1902953
1899816
1901151
1899815
1900912
1899815
1903195
1899815
1901556
1899821
1901208
1899819
1902620
1899819
1901438
1899827
1899812
1901218
1899815
1902675
1899815
1901133
1899822
1901242
1899815
1903923
1899815
1901523
1899815
1900920
1899815
1902605
1899825
1901406
1899819
1899812
1900920
1899813
1902869
1899815
1901155
1899834
1901216
1899815
1902667
1899816
1901153
1899815
1901039
1899816
1902943
1899819
1901170
1899819
1900914
1899818
1899813
1902653
1899819
1901562
1899822
1901250
1899822
1903099
1899822
1915295
1899828
1909447
1899831
1903496
1899824
1904763
1899827
1909442
1899829
1913926
1899840
1899817
1909465
1899820
1901516
1899819
1902928
1899820
1901145
1899824
1901262
1899820
1903307
1899820
1901411
1899821
1900907
1899828
1902970
1899819
1901156
1899821
1899813
1900920
1899816
1902633
1899819
1905192
1899816
1904723
1899817
1903222
1899816
1904908
1899819
1901726
1899819
1903186
1899823
1901403
1899819
1899812
1900928
1899833
1903548
1899816
1901436
1899816
1900933
1899816
1902630
1899823
1901432
1899821
1902761
1899816
1902792
1899819
1901164
1899819
1900920
1899827
1907012
1903145
1899816
1901762
1899816
1900911
1899816
1902559
1899828
1901420
1899816
1900914
1899816
1902709
1899816
1901136
1899823
1901235
1899819
1899813
1902642
1899812
1901146
1899834
1901257
1899822
1902921
1899816
1901142
1899821
1901204
1899816
1902590
1899816
1901447
1899820
1901210
1899819
1902789
1899819
1899813
1901146
1899821
1901234
1899816
1902879
1899816
1901150
1899816
1900910
1899821
1903273
1899820
1901412
1899816
1901571
1899819
1902602
1899820
1901382
1899827
1899817
1901210
1899815
1902652
1899815
1901139
1899816
1900906
1899851
1903150
1899845
1901430
1899819
1900971
1899821
1902728
1899819
1902552
1899819
1899813
1900906
1899816
1902941
1899816
1901170
1899816
1908500
1899819
1903098
1899815
1901126
1899816
1900941
1899818
1902962
1899824
1902195
1899820
1900975
1899819
1899813
1902651
1899816
1901180
1903331
1904027
1899816
1905728
1899826
1909211
1921926
1911167
1899824
1913119
1899816
1904526
1902065
1911564
1899821
1910746
1899824
1899815
1901549
1899815
1900933
1899815
1902764
1899815
1901134
1899815
1901859
1899816
1902993
1899821
1901393
1899815
1900904
1899819
1903347
1899820
1901530
1899821
1899812
1905743
1900614
1921185
1899831
1901591
1899814
1901317
1899813
1903330
1899814
1901155
1899814
1900910
1899830
1902977
1899814
1901622
1899817
1900911
1899818
1902529
1899818
1899832
1901402
1899814
1900907
1899818
1902724
1899814
1901098
1899831
1901190
1899813
1902510
1899814
1970429
1899817
1900940
1899826
1902997
1899818
1943573
1899830
1899811
1901226
1899814
1902617
1899814
1901126
1899814
1901224
1899814
1902647
1899818
1901222
1899813
1901206
1899814
1906342
1899818
1901272
1899818
1899811
1901024
1899810
1902566
1899821
1901416
1899814
1901531
1899813
1902945
1899814
1901103
1899819
1901199
1899813
1902556
1899817
1901340
1899817
1900895
1899824
1899817
1903089
1899814
1901257
1899814
1909459
1899824
1903897
1899813
1901968
1899814
1900958
1899821
1903009
1899814
1901186
1899818
1957605
1899826
1904420
1899819
1899811
1901215
1899815
1900998
1899822
1903051
1899816
1901478
1899815
1900917
1899815
1902486
1899814
1901110
1899834
1901378
1899819
1905934
1899818
1901584
1899818
1899812
1900918
1899822
1902929
1899814
1901111
1899814
1900930
1899816
1902569
1899843
1901395
1899815
1900920
1899817
1902546
1899818
1901107
1899818
1899811
1901508
1899815
1902997
1903144
1901508
1899814
1900931
1899814
